0.14953388
0.105937436
0.097866945
0.111514255
0.12190853
0.10553851
0.103996016
0.09474907
0.101991415
0.1255403
0.10223798
0.14540105
0.09829352
0.11245496
0.08515514
0.085709736
0.17636809
0.19105667
0.1418209
0.10839317
0.09177944
0.07883994
0.08589193
0.090029985
0.1153611
0.13774598
0.10157284
0.08826308
0.09599579
0.086293966
0.101673424
0.07996345
0.09314738
0.080593556
0.13998032
0.10336841
0.11311147
0.07429624
0.069156095
0.090729125
0.07675649
0.069488786
0.08595292
0.08995069
0.104207344
0.09447966
0.12072867
0.10500496
0.10673005
0.09746088
0.08793345
0.093380995
0.071757585
0.0863155
0.07183602
0.08165713
0.13537008
0.08715286
0.12715696
0.09979935
0.09329384
0.084515944
0.097970724
0.09242611
0.13167635
0.08036487
0.08579924
0.08330274
0.09888673
0.072384246
0.08848021
0.07918183
0.07936063
0.08803048
0.09488682
0.0967507
0.10514024
0.1266543
0.10590063
0.10690638
0.109457396
0.087701224
0.08327941
0.09582822
0.08244156
0.083438665
0.10515934
0.11210131
0.09394455
0.10083295
0.10253099
0.09487175
0.09258244
0.115180664
0.10068819
0.121960916
0.104602635
0.077870004
0.090113305
0.07804349
0.10237367
0.0808634
0.084081605
0.084405094
0.08946454
0.08633599
0.09826315
0.08684018
0.08793868
0.07823192
0.08343492
0.0917622
0.0806603
0.088284425
0.08067408
0.08324931
0.09735933
0.09490245
0.09032492
0.09221023
0.105756156
0.09637073
0.0877518
0.08148575
0.095118664
0.10452901
0.09851574
0.09677145
0.110008486
0.087714106
0.089683324
0.10302383
0.083732456
0.10114369
0.09843823
0.082219265
0.098839425
0.09006428
0.12588504
0.10062924
0.09855342
0.090565115
0.093023166
0.084092826
0.09916559
0.10054727
0.08498989
0.09894801
0.0883496
0.08943541
0.098851815
0.10904378
0.08031742
0.08569319
0.090717904
0.097711325
0.0924324
0.09573484
0.08629987
0.0944156
0.09108531
0.0834792
0.08679288
0.10849991
0.09591159
0.08592091
0.09243464
0.09760399
0.088138685
0.08962989
0.09918973
0.08405753
0.0904602
0.08499405
0.09667348
0.09364478
0.09305907
0.10782181
0.11935322
0.13501374
0.102466375
0.09572919
0.12766741
0.08514899
0.08941786
0.09371495
0.1018115
0.087076224
0.13210881
0.09680334
0.13815238
0.10566615
0.08753631
0.124650955
0.10911033
0.09193195
0.10288904
0.11790247
0.1327947
0.09931009
0.08309251
0.0900444
0.09058405
0.09677789
0.096794985
0.082285576
0.09094687
0.07644608
0.09893612
0.09488154
0.07387088
0.094354995
0.08106769
0.064376414
0.07583078
0.08327638
0.11712902
0.09549842
0.12704377
0.17179197
0.10452023
0.11270016
0.18950692
0.10469342
0.12366761
0.10219019
0.09382054
0.08795177
0.11148346
0.093950704
0.09779985
0.077454336
0.109015256
0.08486081
0.09566587
0.10724474
0.09684914
0.11078653
0.12462862
0.0975742
0.1126199
0.09156023
0.083009645
0.14755873
0.09374022
0.094357364
0.10047304
0.086099036
0.08962964
0.097042255
0.08706683
0.09072494
0.117458254
0.09543044
0.08854652
0.097369015
0.09481048
0.087880805
0.099714965
0.10065655
0.108067885
0.10269174
0.109183
0.11092555
0.17835289
0.13167645
0.10155125
0.09095787
0.095018424
0.08589543
0.10006015
0.090827405
0.1260964
0.09117695
0.08424941
0.09222997
0.07718951
0.08410975
0.08189838
0.41250268
0.06995116
0.093601376
0.07153201
0.089905635
0.07732633
0.084079035
0.0920342
0.080384925
0.07966518
0.07962605
0.08268565
0.09897861
0.098934315
0.07136748
0.07719297
0.0826325
0.071302384
0.08328352
0.07440653
0.10871067
0.083140954
0.076853335
0.07433787
0.087106764
0.08402636
0.0744168
0.092552185
0.08183159
0.08289567
0.08285074
0.07196729
0.08708749
0.0815131
0.07229159
0.07928168
0.07913888
0.08903497
0.07344821
0.08728966
0.078482375
0.30191278
0.085165806
0.09900741
0.09713118
0.10254054
0.1248472
0.08867486
0.091143236
0.11138587
0.07150798
0.105858736
0.086603254
0.091182336
0.08857192
0.08934402
0.0681917
0.078305475
0.0622513
0.07966687
0.07605729
0.085328676
0.08648559
0.073094726
0.068181746
0.06428598
0.09151169
0.07609548
0.06968034
0.056364574
0.09029601
0.08287853
0.08530751
0.25500134
0.1430649
0.12545125
0.112489074
0.1250297
0.15632859
0.10390057
0.114686005
0.09198615
0.08217445
0.10398116
0.12678774
0.112216085
0.0888611
0.088287145
0.08390357
0.072095655
0.13070902
0.09555216
0.095979735
0.104418375
0.094162665
0.10475531
0.11444698
0.11165735
0.102866925
0.105327405
0.103543654
0.10030256
0.089336455
0.10900363
0.10477292
0.09892975
0.093748525
0.080555975
0.09723913
0.107357904
0.09870314
0.09531767
0.08708144
0.09310217
0.11754773
0.120875895
0.09695741
0.12070308
0.11556076
0.10951243
0.10834027
0.10617923
0.10077321
0.11267484
0.10592082
0.13201068
0.09619781
0.11358296
0.118151896
0.11648169
0.11055013
0.09307614
0.13539888
0.09396024
0.10259592
0.102156125
0.12021695
0.12541492
0.08833034
0.093839385
0.08705869
0.09469743
0.085242465
0.10202809
0.09138069
0.1173346
0.08564589
0.10865679
0.092572324
0.11719384
0.10919103
0.10661395
0.085086845
0.08522389
0.12264958
0.11000839
0.12945573
0.119509995
0.103985205
0.109171174
0.106904805
0.1521737
0.09687091
0.093834646
0.11391562
0.088690035
0.09814723
0.11319258
0.10480044
0.116300546
0.12059883
0.13503663
0.13406868
0.11480479
0.19246072
0.104252
0.14826627
0.11311841
0.095829695
0.11419984
0.084222294
0.08305403
0.15905242
0.07850878
0.16530472
0.12671538
0.07944743
0.10460063
0.0819343
0.1104015
0.11568412
0.12173571
0.12689792
0.10323488
0.12000762
0.13578032
0.10794845
0.10226595
0.09976197
0.14195688
0.12194851
0.14639996
0.12233817
0.11854689
0.11657693
0.106096834
0.11517558
0.11577364
0.11441551
0.11315919
0.10526924
0.16163345
0.108131304
0.111338586
0.11146759
0.09761767
0.11716016
0.10779235
0.11368598
0.10579185
0.09578453
0.11385133
0.10460234
0.11898186
0.12120949
0.12697393
0.120014496
0.09155746
0.10652197
0.1228036
0.1287593
0.100733
0.09966803
0.16208096
0.09742557
0.15621461
0.1019682
0.09325293
0.10405496
0.08846352
0.10798035
0.09112267
0.08294452
0.10098764
0.100044176
0.091069825
0.092013635
0.086306006
0.08244459
0.0900316
0.08074504
0.09511474
0.09724274
0.08831776
0.080804795
0.087531544
0.12867169
0.09531311
0.09732522
0.08776586
0.08416497
0.08755912
0.09684998
0.10080904
0.095848635
0.093228966
0.094751075
0.08891883
0.08919356
0.08964342
0.112770416
0.10336278
0.093943775
0.08652973
0.087350994
0.10889991
0.08273318
0.09557544
0.097380504
0.092776194
0.107696526
0.092043184
0.08566553
0.099612884
0.084943704
0.11260605
0.084248714
0.09535285
0.10482812
0.082388274
0.08666155
0.093785934
0.08361125
0.102228396
0.10572199
0.094498396
0.095964104
0.090224676
0.08244317
0.07958348
0.10483568
0.083256446
0.08749251
0.08300495
0.08833726
0.09226312
0.095682286
0.0873389
0.09494569
0.11978929
0.094621204
0.1024519
0.11850238
0.090626754
0.08509976
0.113309346
0.08740988
0.086723864
0.09875777
0.09558886
0.10051829
0.10943021
0.11915233
0.10229039
0.11379943
0.110708386
0.1253166
0.099665254
0.120926045
0.12828301
0.10931928
0.09021267
0.09857764
0.09876912
0.10365582
0.096152656
0.11794459
0.104655884
0.09574639
0.11790726
0.10308595
0.11117671
0.103609584
0.33209065
0.11370079
0.09885938
0.10716366
0.10614272
0.10740577
0.10056004
0.10156576
0.11668744
0.10128348
0.12841986
0.11892602
0.0867801
0.106735505
0.15200773
0.10293572
0.09139797
