0.27566418
0.1636372
0.17000152
0.111823894
0.45748535
0.5098624
0.2648875
0.44672108
0.2838317
0.3854906
0.890868
0.45587865
0.8327277
0.33694905
1.6604286
0.47811905
0.33134484
0.26598027
0.33659688
0.39363292
0.17999937
0.07311532
0.52146417
0.15277374
0.36587584
0.23125704
0.26027173
0.054001164
0.12699796
0.3819652
0.17794457
0.2222081
0.098827735
0.18092613
0.24420248
0.23764585
0.06669776
0.04907293
-0.051259454
0.10412502
0.03495886
-0.00012807071
0.077073805
0.16837439
0.21406478
0.04687297
0.09590601
0.0699662
0.12881117
0.20213807
0.0784454
0.0282517
0.038041085
0.21486096
0.053930245
0.12790604
-0.05023395
0.044242002
0.12193515
0.037128665
0.2671067
0.16878876
0.21582894
0.18397067
0.12472037
0.19981731
0.122110605
0.19674014
0.16740526
0.13069063
0.14111958
0.13127252
0.19174725
0.1012752
0.17860663
0.10861352
0.11463456
0.10665031
0.13351157
0.10572341
0.087686844
0.18093383
0.15302582
0.17108992
0.15087113
0.13191369
0.17828137
0.17886885
0.14365779
0.19448864
0.2142936
0.13342398
0.19955814
0.11641483
0.094933294
0.11466589
0.13367301
0.17637283
0.12556453
0.15033966
0.15738833
0.18054269
0.13093378
0.16782998
0.16323358
0.18426266
0.14481345
0.14750357
0.12620704
0.13976943
0.16753551
0.23678604
0.18285446
0.24429661
0.24134918
0.23580457
0.20756516
0.24633753
0.26948974
0.25088844
0.23300777
0.20387906
0.23360924
0.21939924
0.25769
0.30675176
0.23807916
0.28738773
0.2512644
0.19320597
0.23682338
0.2744174
0.24190809
0.18343855
0.16212128
0.24231215
0.23122783
0.20333673
0.21098346
0.22843738
0.21416175
0.2484355
0.3002894
0.23149069
0.25359055
0.24908872
0.2648289
0.3300844
0.23128982
0.22080563
0.23919319
0.18210812
0.2554266
0.219366
0.2080248
0.2067106
0.23406367
0.32577983
0.19341886
0.23662207
0.18971817
0.21212156
0.19782278
0.2027336
0.16405158
0.19260289
0.14662369
0.22578105
0.13770807
0.15242794
0.19473167
0.122868344
0.14852564
0.19818279
0.18274456
0.103252485
0.23669718
0.13187894
0.15031147
0.14848793
0.111257985
0.13135488
0.118522406
0.14930025
0.120263144
0.110341996
0.1447377
0.25117448
0.12216517
0.107514694
0.12564339
0.08176193
0.14806573
0.039820004
0.12113473
0.09169282
0.137427
0.12878348
0.1088105
0.24420634
0.13731557
0.14825809
0.05658322
0.09012533
0.13290648
0.15190327
0.10363129
0.2432637
0.15675676
0.16102612
0.09689775
0.08784982
0.1106788
0.101565875
0.08399751
0.08330535
0.11582139
0.07634667
0.06187081
0.09222933
0.06304516
0.051884376
0.013031508
0.12010507
0.10558929
0.027917387
0.03292171
0.027305566
0.002627908
-0.0060872165
0.027546467
-0.07308411
0.12008125
0.038862634
0.04684532
-0.0019041419
0.13027118
0.13548423
-0.0010062798
-0.02127586
-0.026005099
0.049698338
0.09200746
0.06093041
-0.040805098
0.027307058
0.03505041
0.15502195
0.04247693
0.12471406
0.16983463
0.055833504
0.044102862
0.034578294
0.009797281
0.034117192
0.16609037
0.2104892
0.17482269
0.12296939
0.29447243
0.178763
0.120215416
0.16138811
0.13728948
0.009427957
0.14975524
0.22277538
0.2551705
0.10272405
0.1766716
0.059059285
0.13533424
0.19898021
0.18067065
0.20820774
0.19879346
0.19508019
0.2008375
0.022957655
0.2097604
0.17608282
0.21167378
0.08552847
0.16210465
0.19189124
0.19212146
0.12610929
0.102944896
0.12696867
0.17716819
0.10332983
0.17413393
0.099167526
0.24545835
0.24309474
0.17025676
0.19494614
0.1969465
0.15089202
0.22118373
0.13635339
0.16200897
0.1536268
0.223239
0.14530249
0.14004867
0.20740934
0.23519112
0.1806414
0.26160872
0.2713325
0.29022706
0.21501663
0.25546846
0.19988434
0.19241011
0.26432675
0.1886516
0.26196137
0.14587724
0.22573431
0.23465505
0.21105869
0.30571792
0.25075853
0.24205057
0.2624104
0.2349193
0.35948017
0.40239406
0.17607026
0.2639495
0.34212136
0.2430827
0.2646689
0.37070987
0.27761972
0.26764646
0.30346674
0.36363426
0.28734156
0.2038466
0.20842478
0.3055417
0.3286048
0.32444867
0.34585854
0.38662606
0.25179362
0.21893011
0.28306156
0.25962657
0.28412056
0.24197122
0.40854943
0.25672522
0.2540551
0.40714586
0.36247718
0.28858715
0.21111988
0.20547862
0.39564505
0.24916063
0.42502153
0.2233535
0.22778286
0.2410115
0.25766748
0.28324565
0.18424469
0.23516373
0.062701255
0.28085595
0.33043167
0.28778747
0.31366527
0.24986553
0.2789896
0.22755125
0.29101938
0.21548961
0.2766203
0.21923615
0.19391589
0.1701112
0.3160985
0.3365761
0.36400712
0.24715337
0.30398965
0.25033435
0.25599873
0.3159616
0.20881176
0.20669118
0.2325803
0.32606038
0.29228514
0.2890551
0.25267607
0.2659673
0.34454197
0.28506392
0.29044157
0.29587397
0.27525428
0.30778396
0.22209272
0.27576885
0.2827588
0.24029948
0.25514537
0.34995475
0.24288006
0.29361975
0.3351905
0.3563113
0.26100057
0.3652218
0.37736604
0.35046318
0.3214115
0.31440434
0.3463038
0.43782017
0.41085505
0.2440756
0.35690343
0.35118735
0.31478846
0.33323613
0.25286904
0.39693755
0.32445827
0.41921088
0.33232343
0.22977665
0.37541068
0.39697877
0.29791737
0.24536754
0.3408452
0.30179226
0.3305385
0.2606181
0.33648038
0.3500308
0.31328252
0.30675852
0.23264009
0.31730238
0.36275384
0.289792
0.26764116
0.17167412
0.2837692
0.30815446
0.2473496
0.36087704
0.34805027
0.38723996
0.30257896
0.35488468
0.40820327
0.27650738
0.36004075
0.33155304
0.34875062
0.31771398
0.3708081
0.32980385
0.4080223
0.3969536
0.34299576
0.27383515
0.30357015
0.2936042
0.31537083
0.3729546
0.3497669
0.34991038
0.40587163
0.2675005
0.3012946
0.28868562
0.32295498
0.47188568
0.32826245
0.14457156
0.33171985
0.29017487
0.32639867
0.35792387
0.37591353
0.41942105
0.34105316
0.34267983
0.30817536
0.35166004
0.34613183
0.29112008
0.23917793
0.2808571
0.26290604
0.29811493
0.31863108
0.4205202
0.31938943
0.33420476
0.33046466
0.43655846
0.33180723
0.34631625
0.4049526
0.21499962
0.28274152
0.29950908
0.28607604
0.49106792
0.2927867
0.31836903
0.32172298
0.33820564
0.30724606
0.28693748
0.34949693
0.38379824
0.3998933
0.3273061
0.34992296
0.34331357
0.38298938
0.2938221
0.36962822
0.35301223
0.4079473
0.3380766
0.36343992
0.3778129
0.25367865
0.33851853
0.3623882
0.37600338
0.2677307
0.3595478
0.3576156
0.39080676
0.31725404
0.36469948
0.32445404
0.2562784
0.3199886
0.27254343
0.3097591
0.31181744
0.2719416
0.28802794
0.33229434
0.33651188
0.3298148
0.4100524
0.41756904
0.32339767
0.30801532
0.28499755
0.28930765
0.28887966
0.31206584
0.32847068
0.31399512
0.24430764
0.32225555
0.2752038
0.31175938
0.37183395
0.30979154
0.35936052
0.4041447
0.2708824
0.29365772
0.31828207
0.31127384
0.37529778
0.38801402
0.33566853
0.3516697
0.28045005
0.38233808
0.29366168
0.3391815
0.25711995
0.38226908
0.25441107
0.29625928
0.29778442
0.30171537
0.26914772
0.20285545
0.30370414
0.26587602
0.28395116
0.2888092
0.3226039
0.19834779
0.30498174
0.21159783
0.2744515
0.26519042
0.27444476
0.22401753
0.23753086
0.2567763
0.32611054
0.33895698
0.18730791
0.31118304
0.30300713
0.2754432
0.31570947
0.3126052
0.25945747
0.21717398
0.2850149
0.29514942
0.30906937
0.29670796
0.3210119
0.31862572
0.3270802
0.23188987
0.26074427
0.3217049
0.31260002
0.28501976
0.2516459
0.35735673
0.26599088
0.24706481
0.25931212
0.31960362
0.25107518
0.30991068
0.29083508
0.26352632
0.29473573
0.32376912
0.30416322
0.23776723
0.32362676
0.2757183
0.29714936
0.18696384
0.3032611
0.30886793
0.28328848
0.36742523
0.26150542
0.265576
0.353893
0.22484545
0.24366869
0.21022011
0.23013201
0.25317317
0.29764706
0.29701766
0.30520704
0.2859999
0.253594
0.27017206
0.2513225
0.24387766
0.26000452
0.24111323
0.18300211
0.26545903
0.30638844
0.31510022
0.28007054
0.24737696
0.22263767
0.23956974
0.27199578
0.2770751
0.23807949
0.26905927
0.22800818
0.24342658
0.23798236
0.21909975
0.26122445
0.24800013
0.21558787
0.27301005
0.21454571
0.30593753
0.26493958
0.19274262
0.3022057
0.25769076
0.25975442
0.2969138
0.23453401
0.21758088
0.2324342
0.17169946
0.31725436
0.3591333
0.29634494
0.329628
0.28730237
0.32917726
0.33483994
0.33441624
0.3151979
0.28788435
0.3179671
0.42638722
0.3096856
0.20832737
0.37652025
0.3741996
0.29654202
0.42371124
0.38513973
0.35587803
0.33408564
0.3776719
0.39962023
0.35429242
0.34171665
0.43741944
0.43306977
0.28097922
0.37134004
0.40244907
0.4149993
0.37869704
0.23105976
0.041901182
0.076689966
0.09622203
0.2631423
-0.077440485
0.5404256
0.81615204
0.671302
0.4051516
0.52766776
0.6129447
0.3799402
0.37048092
0.43422097
0.781175
0.5081348
0.48607036
0.34356582
0.4340679
0.2829242
0.45712626
0.5797139
0.56328696
0.36368835
0.4690053
0.36334053
0.05742007
0.116234615
0.3604881
0.36942935
0.30041865
0.42492485
0.30835974
0.17127992
0.20783447
0.39974612
0.38592628
0.45647636
0.47738326
0.33236328
0.62032306
0.4624999
0.43129325
0.6247886
0.5041046
0.41033295
0.34792775
0.36915532
0.45085943
0.52389795
0.42897424
0.4104205
0.4636251
0.522882
0.42240798
0.6630927
0.40850234
0.5575042
0.52300256
0.43170944
0.5314264
0.4546825
0.42013603
0.5305646
0.44528598
0.46423787
0.734068
0.32996127
-0.056017768
0.56350154
0.5226398
0.7103923
0.6320465
0.54564166
0.5906117
0.54633826
0.63969207
0.68207777
0.51384103
0.42730755
0.5704198
0.42567003
0.17373398
0.5031037
0.5471703
0.6285589
0.5034617
0.68392664
0.52567506
0.48786637
0.38130242
0.47260615
0.52612925
0.54860514
0.67535263
0.5790885
0.6938079
0.584382
0.7353532
0.4392268
0.5648116
0.51067376
0.49741524
0.6317539
0.5840731
0.4862595
0.5011474
0.48826805
0.7309837
0.54018044
0.57398
0.58085555
0.6130698
0.42548126
0.5459656
0.5043913
0.65396225
0.46166748
0.54721326
0.5654876
0.46219605
0.57494473
0.5993828
0.5753359
0.57175356
0.54111296
0.6103544
0.41383553
0.4880892
0.62471706
0.56296563
0.5200425
0.5898258
0.4888355
0.45620978
0.47204342
0.45363793
0.46497262
0.55268973
0.46043095
0.48435724
0.62057555
0.58858865
0.57939833
0.6623522
0.5039153
0.4617259
0.78165513
0.5174898
0.345084
0.501534
0.63414896
0.3996462
0.5780803
0.5809937
0.7441377
0.31111687
0.6055134
0.39324284
0.4239275
0.54842466
0.59143466
0.5280586
0.37953857
0.4180891
0.29683483
0.37857854
0.5663093
0.42720526
0.52741075
0.5609359
0.3818199
0.50795037
0.48226127
0.57033205
0.53121924
0.40581268
0.37156764
0.5059883
0.4658429
0.56109786
0.3988977
0.5834005
0.47176117
0.3460511
0.52806324
0.39052743
0.3915412
0.40103063
0.8779107
0.37120116
0.42188168
0.606933
0.655892
0.5536964
0.5144948
0.54482114
0.6731512
0.571297
0.59002817
0.5941447
0.49464622
0.53488076
0.35262254
0.44466862
0.5605772
0.49022168
0.47130594
0.49317253
0.6368961
0.50051624
0.36074412
0.31808755
0.35137558
0.5923598
0.4318893
0.44024226
0.34786698
0.49146393
0.457066
0.3838361
0.4619598
0.59858453
0.5508559
0.5840565
0.3173582
0.3593744
0.36250404
0.36811027
0.50333786
0.43813115
0.6311263
0.5183714
0.4078016
0.26223928
0.31020066
0.41317767
0.44470537
0.40696022
0.32769737
0.52279717
0.4481825
0.40136912
0.49450257
0.5648558
0.4651514
0.28213704
0.33139354
0.6571014
0.5698658
0.69527316
0.3167379
0.40235385
0.54113317
0.35194263
0.26993403
0.43287197
0.40293846
0.4147001
0.5349933
0.45807448
0.40261817
0.3485582
0.4948399
0.50949216
0.46573967
0.47493142
0.56473374
0.44941953
0.36341453
0.52571195
0.50231946
0.55215704
0.48051798
0.4482908
0.41879967
0.5519996
0.45202544
0.46166942
0.48818547
0.5210713
0.42552516
0.45883492
0.38851956
0.2771461
0.4757314
0.32431632
0.56611013
0.4825465
0.389105
0.6110975
0.408194
0.5483812
0.54367554
0.6074958
0.36060417
0.39447558
0.58091813
0.42373994
0.6370986
0.6198087
0.5224312
0.5601187
0.43572348
0.54684937
0.4495377
0.6651688
0.6184923
0.60055244
0.48807085
0.5529087
0.47040492
0.48955685
0.5395513
0.3429563
0.46009555
0.36475736
0.502585
0.6594198
0.5165203
0.45429352
0.43540537
0.42588726
0.46529275
0.41249865
0.30510393
0.50321364
0.5089719
0.5093823
0.30007112
0.5240177
0.65467143
0.51605415
0.444923
0.3709058
0.5263702
0.3598614
0.38560393
0.44354427
0.5005396
0.58056235
0.5734428
0.5646083
0.46153632
0.56204605
0.48841244
0.4930472
0.6722826
0.5333047
0.5773091
0.5402679
0.53913605
0.55619633
0.58100134
0.5693133
0.56182784
0.5814121
0.53711605
0.59428287
0.40440387
0.55114114
0.52726316
0.49358666
0.29797503
0.41274276
0.6507695
0.6013427
0.6088115
0.6023084
0.6123128
0.46921086
0.72569937
0.605079
0.5464999
0.43308765
0.64037967
0.7752662
0.5493263
0.77599996
0.5197979
0.33308515
0.27007693
0.29804805
0.8950124
1.2911834
0.8259362
0.31241047
0.4736614
0.51024264
0.42793214
0.63575304
0.95248276
0.4937719
0.51754045
0.5874222
0.54274124
0.52343065
0.7801963
0.40547
0.55970633
0.60025954
0.50638276
0.58212185
0.6697275
0.5510594
0.52339154
0.49677682
0.5132567
0.62434465
0.55735767
0.48871467
0.43003944
0.5624836
0.57462347
0.6103902
0.539892
0.6639559
0.90226287
0.8226713
0.40835583
0.59087545
0.7229451
0.5557395
0.7404935
0.55861974
0.49860165
0.50797105
0.62249374
0.49116233
0.5985661
0.58208716
0.554957
0.54597205
0.55903846
0.7263298
0.626864
0.57704246
0.7463668
0.5341607
0.5079315
0.3749335
0.84802526
0.5407936
0.7043526
0.6112703
0.5108518
0.4676303
0.38435176
0.75915694
0.693473
0.72534066
0.47039342
0.7308982
0.5874667
0.6046099
0.5755077
0.55706507
0.52490985
0.7129156
0.535549
0.90442985
1.0175824
0.7064579
0.3692706
0.6098967
0.5169263
0.7073432
0.71657616
0.9030677
0.8640114
0.7208784
0.5410408
0.56566066
0.6155111
0.468149
0.56141967
0.7690593
0.9886173
0.5254008
0.27892047
0.6364816
0.6861523
0.8775376
0.43534976
0.6962104
0.61767834
0.55902106
0.5904929
0.392486
0.6091789
0.8374469
0.39842358
0.40208218
0.82335746
0.63027155
1.13829
0.8219046
0.5253176
0.61239946
0.685436
0.6554898
0.6404326
0.73057175
0.6267991
0.57279646
0.5245458
0.5534168
0.79214805
0.71686196
0.6526659
0.8328216
0.7343275
0.5569987
0.60269094
0.5149504
0.52771837
0.54389054
0.51079684
0.64183676
0.55796164
0.7225902
0.6254049
0.5990802
0.6756737
0.66173613
0.58676726
0.5497936
0.5231018
0.5472083
0.6005594
0.63049614
0.57064784
0.5247341
0.6149545
0.4607654
0.4310242
0.6020211
0.3918196
0.5091934
0.50478935
0.577306
0.6767194
0.5552408
0.4304258
0.7547228
0.7199464
0.76364255
0.645922
0.69274056
0.758255
0.6996074
0.5343502
0.8234813
0.34705335
1.2280768
0.5507808
0.5260221
0.41453093
0.6031132
0.60310495
0.4634752
0.64855003
0.42195117
0.41852257
0.42000937
0.61880857
0.58230644
0.64593005
0.6688501
0.5759083
0.6996337
0.5450206
0.39877042
0.558231
0.7610613
0.89389306
0.77729166
0.6274842
0.76230603
0.73141015
0.89769745
0.7470014
0.48302138
0.5867027
0.54737735
0.60706294
0.734721
0.6649627
0.6890676
0.7953202
0.669688
0.59481025
0.8681783
0.69497055
0.4997236
0.9051549
0.62862116
0.9795782
0.57522166
0.6533478
0.76491904
0.55505997
0.84164447
0.8493012
0.78584236
0.7476584
0.5958175
0.73800486
0.5711782
0.5434461
0.48297435
0.5457621
0.4611473
0.91945565
0.6467231
0.36150837
0.5630874
0.90519714
0.9474232
0.7205332
0.765023
0.74962616
0.69298714
0.7257037
0.6701295
0.6396609
0.7677056
0.6581154
0.7256685
1.0140344
0.7472818
0.6951054
0.711372
0.46927088
0.4634136
0.6820108
0.40085098
0.6378181
0.6435955
0.58703715
0.65251344
1.0010085
0.6277845
1.0073875
0.6889808
0.78543836
0.46004552
0.6302864
0.8576091
0.69938815
0.6874517
0.58016086
0.78283316
0.64946723
0.7100871
0.72538245
0.88777876
0.6567672
0.6100615
0.73137945
0.58891904
0.7138892
0.92852837
0.7591027
0.6164659
0.6493146
0.6867849
0.6032428
0.64148134
0.65190285
0.64525366
0.43800288
0.7577135
0.6903972
0.9855314
0.9658325
0.8242852
0.6543832
0.6858235
0.78478205
0.6928967
0.6240876
0.85276115
0.7331257
0.73272455
0.8045767
0.73800004
1.0387162
0.64496315
0.6155481
0.29219392
0.34664333
0.49651206
0.2111018
0.42361408
0.7488188
0.64508843
0.7196457
0.62042964
0.61553633
0.65788096
0.5277536
0.8679782
0.7292911
0.8200573
0.94394773
0.8825337
0.7788773
0.65266347
0.5265054
0.8782686
0.76610136
0.83309853
0.6883085
0.5080936
0.5044161
0.88026065
1.3196445
0.5754642
0.482225
0.5543749
0.6397215
0.7619619
0.9116127
0.452755
0.47551468
0.38274062
0.5896107
0.59026647
0.7631087
0.3989752
1.1672173
0.8499006
0.75053734
0.6291163
0.5465932
0.6819302
0.69039345
0.65828353
0.52915335
0.8631741
0.955516
0.64350533
0.60427433
0.84126365
0.50162184
0.6923672
0.7535172
0.87519217
0.76288414
0.63996714
0.82217497
0.7644568
0.9134153
0.76136804
0.78095764
0.7026566
0.69435
0.7288149
0.62161714
0.71497726
0.6953524
0.71519095
0.5681245
0.54485464
0.672026
0.42528045
0.6071668
0.40331787
0.6416406
0.65389514
0.63511777
0.70056975
0.6213235
0.6457462
0.65081376
0.7036431
0.42570207
0.24333738
0.6342404
0.54121137
0.64968336
0.66478485
0.5267618
0.71251625
0.8394107
0.95570683
0.766643
0.6980977
0.6730843
0.6619736
0.685911
0.58314824
0.5751771
0.67882013
0.7451198
0.7330465
0.49705195
0.41077438
0.8402642
0.7451711
0.63497347
0.60351175
0.77708316
0.7816194
0.9184063
0.61634886
0.6542182
0.7187641
0.6473744
0.6625517
0.71774733
0.66832864
0.5274892
0.77148557
0.68660265
0.7136926
0.7840623
0.700701
0.63722783
0.23343822
0.44373894
0.30742225
0.56469953
1.2591088
0.72781044
0.2037357
0.64162874
0.6580738
0.6922741
0.6297165
0.7794032
0.666219
0.7014354
0.70705986
0.7350502
0.7686327
0.51566875
0.6335155
0.7606476
0.76010275
0.63802934
0.9666792
0.65503687
0.6164708
0.44720733
0.8508197
0.74772596
1.1340516
0.4851067
0.6721428
0.537903
1.0309305
0.71565837
0.7636963
0.76545614
0.7822817
0.89400786
0.74919915
0.8847452
0.71295106
0.6251486
0.7967573
0.75915414
0.6310885
0.83554155
0.8044603
0.8350268
0.6076579
0.64280355
0.6293962
0.48070836
1.1165856
0.7025875
0.58162415
0.6926864
0.68497217
0.93914527
0.74184334
0.82032037
0.7973593
0.60758924
0.66446525
1.0010865
0.6502231
0.72424734
1.2136905
0.88109857
0.69162387
0.6912575
0.7214786
0.67372847
0.85092515
0.7222297
0.6781474
1.0785317
0.73662627
0.72556376
0.782123
0.6469062
0.66959643
0.78743225
0.82247007
0.8711256
0.77227366
0.8750449
0.5875859
0.8114008
0.7120346
0.75076365
0.8542995
0.6057203
0.51472384
0.48431492
0.7025885
0.7127031
0.8075183
0.7522254
0.58185714
0.66970116
0.8228136
0.9704529
0.7911592
0.7401572
0.67238814
0.6630735
0.7511842
0.67513067
0.634924
0.7341664
0.7635064
1.0409287
0.75885546
0.59181356
0.7034398
0.87472844
0.77396005
0.8954858
0.9874012
0.91185224
0.95456487
0.73356116
0.78513825
0.697073
0.83858
0.7170414
0.6496939
0.82295585
0.81305933
0.75739264
0.78481984
0.6018385
0.78430074
0.7040818
0.709512
1.010751
0.7031983
0.8293261
1.1714911
0.8556316
0.82093453
0.6294694
0.64151436
0.7760023
1.1254704
0.7565445
0.6664457
0.9467414
0.8746814
0.5712846
0.67921096
0.66892564
0.99897254
0.57689446
0.74782044
0.78562826
0.70630205
0.9561947
0.85645723
0.8248381
0.90148234
0.8126013
0.8351365
0.9124156
0.8618138
0.80180526
1.0152807
0.9867355
0.9784309
0.91042155
0.76887083
0.6899436
0.7692397
1.1721587
0.83642447
1.3358736
1.1095548
0.7586148
0.67003584
0.7346668
0.86782926
0.8070712
0.7996167
0.7874028
0.75614667
0.6014828
0.71736306
0.8190371
0.86467135
0.8641052
1.1190794
0.8542932
0.815375
1.348972
1.1432968
0.7288308
0.7615416
0.8063205
0.53530306
0.7680245
0.5723008
0.98322463
0.8257901
1.0345963
1.1394563
0.76348007
0.933535
0.80276036
0.98774004
1.077728
0.96036756
0.9222447
0.98325217
0.8919656
0.9161633
1.0298693
0.96282065
1.0294627
0.8303614
0.90296584
0.817216
0.88447046
0.8544475
0.8694239
0.8468799
1.1516863
1.2401013
0.8476007
0.87273765
0.87840265
0.89111364
0.76550984
0.8174343
0.80438364
0.8293379
0.87443805
0.86033446
1.0374846
1.0738829
1.0575573
0.942534
0.9769924
0.877687
0.84034216
1.4156234
0.7639536
0.9115209
0.8780152
0.7418191
1.0848354
0.9797474
0.8504769
1.055723
0.9676302
0.86293066
1.0500743
0.8376697
0.76171476
0.9356534
0.7193173
0.74865997
1.1086544
1.1555244
0.8788322
0.86969304
0.86467135
0.8883593
0.8861741
0.9153078
0.96828157
0.95343775
0.9261971
0.7925679
1.0591434
0.9652893
1.1063107
0.7925064
0.7163043
0.7782246
0.5501663
0.65315276
0.79005563
0.85995585
0.72717834
0.8606698
0.70407677
0.7284874
0.95916265
0.90184665
0.85605264
0.8631656
0.9664449
0.9141794
0.94267976
0.8883281
0.99361753
0.84895974
0.9976734
0.9876747
0.83711916
0.8496563
0.9828271
0.9076755
0.75957143
0.8942436
0.72346133
0.98903
0.9265843
0.72538054
0.62668574
0.75717664
0.88372093
0.98506373
0.83692193
0.7779727
0.7540739
0.7959086
0.66405547
0.703061
1.1293223
0.49380752
0.96184343
0.7224254
0.93829536
0.9526177
0.7944109
0.82969373
0.76423895
0.74803656
0.8623998
1.0154333
0.8101957
1.0238849
0.74202365
0.8127324
0.76084167
0.6805618
0.7970173
0.7350377
0.5800436
1.129051
0.79994017
0.78310883
0.80770797
0.60379034
0.77698237
0.82316047
0.7027989
0.66355914
0.5929164
0.6555336
0.5860362
0.84319013
1.0131931
0.7948812
1.0328277
0.8427576
0.7693555
0.779193
0.93772906
0.8174865
0.6581634
1.1734414
1.0499034
0.85779345
0.84972155
0.75528455
0.7441589
1.0329098
0.5956766
0.8575688
1.0304277
0.7356941
0.61175233
0.5600371
0.6836792
0.88695395
0.74440706
0.7985079
0.950829
0.92096865
0.9770634
0.65075636
0.7203953
0.92364085
1.0041552
1.1688191
0.9057705
1.4282237
1.0591247
0.81459117
1.2242411
1.401594
1.0875419
1.367327
0.96755654
1.243302
0.68671614
0.67533666
0.6673309
1.0608455
0.9090116
1.0990474
0.8677061
0.8005537
0.9004604
0.7822261
1.0026922
0.963578
0.86468214
0.925699
0.8287016
0.8288514
0.8057562
0.71629
0.60099036
1.020123
0.9115639
0.7393216
0.85967344
0.5629032
0.98654115
1.5217575
0.9119718
0.98433715
0.9174383
0.8956832
0.9211714
0.80943155
0.794403
0.8596573
1.009291
1.0092881
0.9207423
0.9815094
0.9914178
0.7882342
1.0784284
1.023144
0.845668
0.84307444
0.83250695
1.1003741
1.009839
0.82832885
1.0507828
0.8702535
0.90290457
0.88485456
1.0082884
0.871772
0.8202055
0.81629175
0.9382845
0.80247235
0.96415734
0.90776753
1.0020769
0.97800833
0.75899094
0.8472576
0.8040984
0.95878494
0.98022634
0.8771513
0.9221703
0.9226338
0.8263033
1.0477772
0.73700285
0.832115
0.8047241
0.98524964
0.78533494
1.0452286
0.90028137
0.8989842
0.75656146
0.91185814
1.0583513
0.9541081
0.90536827
1.1238958
0.8568551
0.5388108
0.95668375
0.83672357
0.90077573
0.76703334
0.89249337
0.9486188
1.0436383
0.79733634
0.8178878
0.7711019
0.85023683
0.84708357
0.80588883
0.9600607
0.7552221
0.7819743
0.9840968
1.0715846
0.6515323
0.9317636
0.7656316
0.8984274
0.8617815
0.9191552
0.8920781
0.97462213
0.8695971
1.0471048
0.91584134
0.955455
0.9878004
0.929365
0.9030631
0.9159043
0.8257027
0.9530457
0.9523865
0.86787367
0.96512437
0.7344221
0.7961502
1.2914064
0.7194991
0.8714659
0.93204695
0.8924636
0.846828
1.10782
0.79769516
0.94089705
0.943798
0.9190575
1.0551167
0.9950515
1.0632463
1.4407716
0.72869056
0.539239
0.81141245
0.9424698
0.9040464
0.79184145
0.90525717
0.8282762
0.9904459
0.96512866
1.0845804
0.82586306
0.6998143
1.1232228
0.88024557
0.80078423
0.8084246
1.215011
0.999375
0.70653677
0.7148893
0.7895846
0.7924228
0.77996635
0.8562924
0.9816802
0.981044
0.87899977
0.6814554
0.8170683
0.8643178
1.2249659
0.9169278
0.81584024
0.78481776
0.7926634
1.0459858
0.6324765
0.74859345
0.9468498
0.81307054
1.0211033
0.93110657
0.9919617
1.0580125
1.0533764
0.86089444
0.89920205
0.98497313
0.9466139
0.9763421
0.9941645
1.3498375
0.96568245
0.96513385
1.0051205
1.3249755
1.019348
1.3586308
0.89918494
0.8775419
0.9163009
1.015753
0.87222636
0.76998603
1.2352883
1.045914
0.85044557
0.809058
0.94541276
0.9873433
0.8233745
1.2444971
0.9183044
0.99433655
1.5509158
0.80858773
0.9545781
0.9435322
0.8910984
0.8875946
1.2310635
0.8378009
0.82490236
0.7212976
0.96578974
0.8587785
1.0971522
0.8069436
1.0368314
0.9443918
0.9469374
0.81712514
0.7661776
0.8857046
0.90471077
0.8593208
0.97945046
0.97656304
0.73391396
0.8667403
1.107524
0.7981975
0.8143965
0.9173827
0.9069629
0.89112246
0.81296086
0.8726328
1.0733695
0.9743743
1.0035813
0.7950628
0.86029845
0.9542495
0.72463495
1.0883712
1.1006156
0.9510918
0.6664331
0.91402143
1.0300277
0.957737
0.99017143
1.0471663
0.8198978
0.85940146
1.0875859
0.9672388
1.0090102
0.99916804
1.0787082
1.0524533
1.0078634
0.8905146
0.79238874
1.0099821
1.638177
0.87269855
1.0319911
1.1247213
0.9166202
1.0725704
1.095934
1.1851974
1.2593211
1.0028001
1.2012565
0.8676945
1.26653
0.9573348
1.4321727
1.0144522
1.2655969
0.9847769
0.78899246
1.5261792
1.0247835
1.0291477
1.0217153
0.9631704
1.2664022
0.877252
1.0045037
0.9528913
0.9822929
0.94918877
1.0973552
1.0878149
1.1844925
0.9753579
0.75130564
1.0992903
1.0199587
0.921718
0.75373375
1.1537809
0.8600162
0.9335363
0.9495482
0.97580725
0.9284564
1.1035026
1.101973
1.0431522
0.84262204
0.92481667
1.2038115
1.0742785
0.9618636
0.9858052
0.89465976
1.1217686
0.81209886
0.969377
0.8125046
1.1737909
0.9813034
0.9545643
1.0923378
1.0803734
0.9451646
1.3059671
0.9662904
0.8643698
0.81809914
0.78628784
0.89937574
0.7989415
0.7596798
1.0439056
0.86872345
0.8529762
1.4570721
0.8444389
0.7761193
0.8249422
1.1289048
0.69389474
0.69917816
0.8395381
0.8766084
1.006231
0.71936625
0.89054984
0.9328231
0.9877501
0.9588975
1.1228163
0.9547684
0.9041334
0.97566634
0.7960812
0.8506625
1.0082172
1.0026608
0.9585238
0.8310335
0.9340183
1.0181651
1.0521722
0.8425066
0.818716
0.83504224
1.1505564
0.9077674
1.0132707
1.1130517
1.0379039
0.97582835
1.021714
1.0141933
1.154423
0.9783533
0.8505366
0.6955299
1.0790749
0.92528415
1.057007
0.8472992
0.98438776
1.086836
0.9775266
1.0223054
0.63660735
0.8875119
0.88989335
0.8410048
0.92115194
1.0197192
0.95366025
1.0917904
0.71531785
0.71096915
0.89314926
0.87720436
1.3257958
0.8655704
0.93624324
0.77261645
0.83916175
0.8694883
0.85594976
0.8506429
0.84876025
0.93585896
0.9087909
0.8389471
0.9160998
0.87914985
0.85410994
0.7440335
0.84870046
0.6932611
0.6904392
0.8613993
0.6168426
0.86603487
0.92868674
0.8666146
1.0928295
0.8279677
0.7897145
0.73268753
0.7205314
0.6517937
0.6517403
0.7621815
0.821407
0.81697166
0.9064628
0.8887166
1.0338643
0.9016018
0.67713624
0.77171624
0.83144814
0.7655711
0.7907019
0.75578326
0.7129163
0.7948995
0.8360712
0.85655457
0.83582425
0.89246124
0.8152684
0.71041816
0.6458637
0.8366342
0.8608177
0.9733332
0.80204046
0.68698853
0.9179202
1.3812723
0.7811123
0.96961343
0.7488369
0.7956739
0.76651496
1.2078102
0.94599855
0.7540554
0.91467726
0.8657531
0.9755201
0.90457314
0.85813797
0.9980637
0.5582597
0.8476403
0.7644143
0.94654375
0.6612418
0.6755127
0.9974386
0.9166551
0.88359445
0.797791
0.79702485
0.91762716
0.7750443
1.0010622
0.8152218
1.1949842
0.9758729
1.0629416
0.7540233
0.9703538
0.71712565
0.78129476
0.79481626
0.8386102
0.831873
0.77648646
0.80274177
0.5927113
0.8149433
0.8248925
1.0222096
0.8746651
0.85946256
1.4463178
0.6803305
0.7341071
0.7777152
0.88993245
0.9374356
0.9981881
1.0620772
0.803141
1.0246867
0.93559927
0.620076
0.72686607
1.1106228
0.60029024
0.82825667
0.735687
0.96421164
0.8408803
0.73646
0.7307658
0.8235472
1.0203077
0.9050978
1.087847
0.88363886
1.0199286
0.9373634
0.97443664
0.89022636
1.1207706
0.7509427
0.80663246
0.731109
1.0235493
1.1011672
1.0141454
1.0872794
0.95567614
0.95183945
0.7241661
1.037994
1.0936829
1.0371051
0.86739874
0.8396265
0.99423957
0.9337326
1.3181353
1.2644725
0.59814554
0.7417685
0.83913904
0.7915383
1.2558107
1.1390731
0.9747774
1.6232042
1.7922525
1.7444748
1.2360337
1.1575888
0.91528475
0.82229453
1.2464664
1.1267804
0.9659822
0.96176034
1.0655351
0.96533144
1.4502654
0.9886029
1.1327116
0.8852114
1.3848464
1.00586
0.913914
0.99543756
1.0604895
0.8346908
0.94685173
1.0660783
1.2285142
0.96339774
0.8296108
0.83762085
0.67024773
1.0547652
1.098131
0.7717124
0.8567211
0.82540476
1.0422598
0.9782459
0.93316805
1.2437406
0.80866796
0.92768013
0.79795915
1.0135014
0.99193543
0.71995217
0.92440736
1.2281682
1.3428799
1.1473246
0.93996763
0.95522904
0.9001867
1.085174
0.9296377
0.9448757
0.67529106
0.725975
1.0711602
0.8947098
0.54474485
1.0626762
0.8492072
0.71854424
0.9900785
0.7780536
1.3907635
0.7317852
0.72452223
0.7561097
0.9361659
1.1615443
0.61628264
0.7227549
0.96263224
0.9145919
1.0564152
0.58477736
1.4541951
1.1041005
1.2062017
1.1203644
1.3830005
1.0165439
0.97588456
1.044752
1.072758
1.2806854
1.289063
1.0020481
1.0354359
0.76847005
1.0361946
1.0177639
1.1365665
0.9251074
0.7566984
0.9749696
1.0297607
1.517173
1.0651746
1.3511707
1.0270716
0.64019686
0.9656291
0.8521477
0.93850213
0.8159801
1.2779237
1.1529317
0.9464643
0.9055266
0.8996752
1.3539586
1.2550552
0.8717396
0.9829509
1.0437243
1.2230923
1.2690982
1.4533015
0.8586117
1.0352926
1.0841674
1.1101593
0.98266906
1.1498842
1.0481046
0.9124603
1.0582464
1.0767647
1.0823159
0.9529034
1.0901933
0.745034
1.0694298
1.246584
0.7667952
1.1304538
1.2277024
1.1891875
0.9575947
0.9882437
0.9125498
0.9823149
1.1861839
1.2248818
1.1346191
1.2612488
1.0318717
1.5004193
1.1633726
1.4925685
1.2004068
1.0619347
1.0658901
1.3951821
1.0406834
1.3883532
0.99974966
0.87722486
1.1924179
0.84816027
0.92747897
0.56521297
0.8707981
0.9020732
1.2062323
1.3387891
1.1343246
0.97470367
1.4328386
0.8769964
1.7130051
1.0116035
0.996352
1.2471634
1.1235669
1.0232772
1.2404476
1.1623038
1.1053382
0.5751252
0.8281525
1.1787945
1.0320926
1.0691388
1.1300544
1.0950954
0.8225215
1.1727501
0.9908954
1.7799779
1.068387
1.0556494
1.007917
1.0518134
0.82037276
1.1813494
1.001225
0.86456573
1.0031669
1.0225488
1.2643079
1.0587013
1.1069617
1.0602185
0.7479354
1.0958248
0.86268675
1.0255812
1.2524546
1.185765
1.4384001
0.94152427
1.046267
0.6989394
0.936421
1.088075
0.8916863
0.8869984
1.4187392
1.0032157
1.0176545
1.1130838
1.0369552
0.8459566
1.0053031
1.0804936
0.8864569
1.3760501
1.0439972
0.9879793
1.194843
1.3637528
1.1521963
1.5063906
0.8840563
1.152307
0.95239615
1.064953
1.2555285
1.0160233
0.84376746
1.162661
1.1532726
1.3825153
0.9533387
1.4845964
1.169841
0.8876571
1.2473319
1.4463615
1.2876725
1.3082129
1.0785303
1.1434627
1.1822575
1.2925322
1.1008847
1.1696239
1.2265357
1.2046509
0.8912988
1.2884109
1.0296853
1.4258058
1.2696649
1.1056342
1.0125713
1.4036998
0.8628392
1.2809823
0.98404413
1.0803747
1.0150516
1.0122612
0.8858254
0.95366234
1.0359706
0.9297771
1.1318283
1.0912437
1.126598
1.0838351
1.0863514
1.0062355
0.95348245
0.92412406
1.0446992
1.0482467
0.94022703
0.9857807
0.93499076
0.8599012
1.0476568
0.89634395
0.9576961
0.9729758
1.0035664
0.9886938
1.197691
1.0510631
1.1216134
1.1167136
1.1028124
1.1058847
0.9562366
1.0693517
0.9097972
0.96116585
1.0623391
1.065739
0.99237895
0.7402883
0.9907063
1.0438068
1.1184268
1.0765415
1.024557
1.0465587
1.0810314
0.80953133
1.0900304
0.99439615
0.9893856
1.0497055
1.0093982
0.9954485
1.089391
1.0321845
0.9685421
1.1037182
1.0944071
0.9398863
0.9197257
0.60667837
1.0911787
0.9331016
0.91711515
1.1021522
1.0872531
0.9235785
0.89599466
0.94858795
1.0780478
1.0854406
0.8769159
0.9968022
0.9191097
1.1015378
0.95428014
0.9916567
1.0371422
1.0072834
0.94136995
0.9733437
0.8511917
1.002023
1.1840612
0.9963686
1.1152978
1.0252222
1.0481521
0.85979044
0.9377752
0.9509615
1.0663527
1.1118908
1.0942581
1.0305218
1.0411397
1.0224152
0.9296901
1.0773569
0.9731369
1.1641084
0.70024633
1.1472186
1.0185258
1.0651953
1.0453537
1.0615265
1.0365909
1.0507133
1.0178424
1.0006207
1.0073932
1.1163168
0.934103
0.84454286
1.1477599
1.0428736
1.0140314
0.8961466
1.0006548
0.9688282
0.970217
0.9769671
1.0259403
1.0420697
0.9798123
1.020039
1.0020677
1.0695955
1.0151973
0.95866776
0.7870585
0.8100839
1.0920224
1.160098
1.0744243
0.9893967
0.95881575
0.929721
0.7780642
0.93368715
0.97929627
1.0370288
1.1470728
0.9532538
0.98903704
1.0691739
1.0793313
1.0722483
0.78303915
1.013279
0.86952746
1.0046065
0.91910845
0.8850582
0.9582412
1.1788312
1.024617
1.1639395
0.91440225
1.1365689
1.1914146
1.0574168
1.0896707
1.1867893
1.1687955
0.95381653
0.8095709
0.8720386
1.073053
1.184634
0.94246984
0.8020105
0.87197804
0.7431401
1.0238254
1.1211566
0.9874836
0.6196646
1.0120025
0.8026283
0.9714001
0.8963653
0.9225142
0.9195004
1.0548977
0.84454703
0.6626824
0.8425853
1.038068
1.0156522
0.9877955
1.0636281
1.0945349
0.80138624
1.0104831
1.0080879
0.7794776
1.0595255
0.8490062
0.8181227
0.82882154
0.86039186
0.82299876
0.5577218
0.9302674
0.9016827
1.1753104
0.9906079
0.9460305
1.1712797
1.0018189
1.0365084
1.0179676
0.9996744
1.0428743
1.1650277
1.0292338
0.90907186
0.7569654
0.6970452
0.7656825
0.8949212
0.8662145
0.9231623
1.0891496
1.0055467
0.93599945
1.004467
0.9452891
1.1484485
0.9346869
0.8266266
1.023821
0.8427239
0.92791885
0.5847652
0.8326399
0.8892577
0.96177393
0.6660898
1.037038
0.78673166
0.61768794
0.9070963
1.0728595
1.116489
0.73617554
0.7907532
1.1697814
0.7346606
0.46742594
0.9258897
0.7873566
0.84063536
1.0686691
0.9998764
1.0152954
1.187451
1.0185279
0.8225944
1.1696221
1.0434822
0.95835763
1.1559558
1.0003227
1.0904902
1.0102277
0.55710006
1.0699086
1.1608986
1.2515383
1.2572879
1.3005614
1.2981883
1.2477368
1.287633
1.0470587
1.0010262
0.88611704
0.9375883
1.0348053
1.089113
0.8269343
1.1195155
0.9928728
1.3699411
0.82661456
0.9809894
1.403439
1.2873019
1.1216309
1.2443314
1.2124779
0.8528011
1.1319848
0.8531857
1.1238304
1.1992246
0.9944009
0.74673575
1.0056636
0.86822474
1.0142746
1.1612948
1.1260113
0.91303366
1.1768168
1.1167643
1.050669
1.1065975
0.8958971
0.95804757
0.9469762
1.03642
0.97997904
0.8665707
1.0347841
0.98684466
1.0285834
1.0971025
0.78089124
0.98504853
1.2885394
1.0600711
1.0859543
1.0973953
0.78410393
0.9723118
1.0319068
0.9338308
0.900865
0.98749197
1.0857886
0.97927153
1.1020236
1.281694
1.0840425
1.1060742
1.044958
1.0866222
1.1779962
0.9275766
1.0420624
1.00095
1.0499811
0.79821944
1.0583512
1.1590977
1.1723783
1.0002613
0.9585569
1.1545329
1.0816741
1.1042062
1.1378968
1.1772182
1.0852416
1.1268904
1.0062284
0.9632925
0.9889668
0.8287722
1.1116835
1.048232
1.1494478
1.1125135
1.0775248
1.0742261
0.65389705
0.51105124
0.9758617
1.0417267
1.1283116
1.1180003
1.2190171
1.1409721
1.1027242
1.013997
1.1729635
1.0327238
0.97490746
1.2159425
0.97341627
0.6125718
0.97222215
0.97892207
1.1694957
1.0108292
0.3749218
1.0067061
0.7111452
0.5577041
1.0553346
1.0144148
0.70414025
1.1287347
1.1115634
1.0287193
0.80791616
1.0722353
1.1386677
0.9654418
0.93237185
1.1937867
1.1306943
0.7601144
1.1771774
1.2190046
1.2145964
1.3209971
1.1293583
1.073614
0.91368407
1.1249202
0.44663212
0.9734199
0.5869028
0.9606892
1.1355646
1.1771615
1.1466646
1.1154796
1.1736804
1.1360463
1.116745
0.9040686
1.2169869
1.2499486
1.1585689
0.735182
1.0203223
0.4213649
1.2583709
1.2223269
1.1512442
0.64908355
1.3668458
1.2511843
1.1664972
1.1317542
1.0984553
0.9547467
1.3219224
1.2222525
1.3488828
1.1922015
1.2922587
0.79815835
0.9286242
0.9594677
1.2972136
1.1417394
1.0239922
0.51508707
1.3038723
1.0578781
0.8753152
1.2374772
0.802099
0.7711677
1.129077
1.1367387
1.2999809
1.2351346
0.9867767
1.0279003
0.7891604
0.7693602
1.3640733
1.3765029
1.0613105
1.0929532
1.1313853
1.2128125
1.2679154
1.2397532
1.3144804
1.1322762
0.8964223
1.2974056
0.7092405
0.7682696
1.0581878
0.84943914
0.4502097
1.3136467
1.1749597
0.8634192
1.1068822
1.1370778
1.3914115
1.2570633
0.7881298
0.2787368
1.2145784
1.1608977
1.078336
0.64051116
1.1749873
0.45294216
0.7182644
1.0878158
1.0979867
1.1256026
1.0000442
0.9115332
0.4006668
0.6325416
1.146832
1.0238261
0.86774194
0.8727182
1.0556114
0.88403517
0.82160836
1.1512315
1.2864699
0.9563252
1.0239316
1.0448732
0.96924883
1.0014031
1.0451024
1.3006588
1.2006829
1.2016753
1.2627685
1.2525841
0.28566068
0.4889487
1.368537
1.1738613
1.1266956
1.1304458
0.85583764
0.77143216
1.0062304
0.95985883
0.7454362
0.9903246
1.1433637
1.1934389
1.3958172
1.360092
1.1718609
0.92402154
1.0310123
1.0673459
1.1575068
1.0363548
1.1086684
0.93220085
0.90789723
1.031915
0.8825517
1.1422709
1.1594286
1.0835829
1.0731311
0.77913684
0.99289125
1.1377481
1.2180281
0.90835595
1.2517715
1.3669261
1.081773
1.1474502
1.2661818
1.0786064
1.0252115
1.137357
1.0869042
0.73522305
0.8260309
1.2306745
1.0546745
1.147508
1.0868847
0.582959
1.12064
0.9454632
1.0157957
1.0715863
1.2819208
0.92531973
1.165655
1.1687922
1.183949
1.107188
1.3148603
1.074976
1.3637817
1.02417
1.1546638
1.1929954
1.1028454
0.8579717
1.2363737
1.1575435
0.4674361
0.9943027
1.2883018
1.0587153
0.61850584
1.1709237
1.0581429
1.1956319
1.1740769
0.88359725
0.8375751
0.8956968
0.6808072
0.6550125
0.99680465
1.1372591
0.5520786
0.8930657
0.8741911
0.7664898
0.6733078
1.1099486
1.2149322
1.3887663
1.229882
1.3916963
0.7967611
0.8718506
0.71579474
0.9555095
1.0266961
0.30955914
0.92704684
0.9707385
1.1766781
1.1024604
0.9976127
1.4259077
1.2595301
1.3526725
1.1262598
1.0641563
0.8469727
0.6540487
0.7898988
1.0317435
0.46955353
1.0599116
1.1728156
0.84108347
0.9838241
0.9852713
1.2147237
1.0949115
1.1069081
0.9369336
1.0061997
1.1505033
0.9258297
0.9903141
0.67876714
0.91286576
0.9463643
1.4213825
1.2578031
1.0604084
1.1344458
0.9082631
1.293448
1.0981783
1.011525
1.2853969
0.6559183
1.095323
1.1171803
1.1559523
1.3116174
1.1266137
0.7835896
0.6030146
0.9393907
1.1780838
1.144354
1.0097759
0.9877678
0.54812825
0.9951943
0.99343437
0.83421075
0.7836495
0.9809126
1.0387198
0.7312417
0.99136674
1.1013944
1.0171924
1.0109375
0.9842603
0.9784499
1.1607928
0.8094368
0.95347786
1.1018683
0.83913785
0.87732786
1.2365452
1.0295717
0.8305428
1.0089293
1.2525522
1.1713935
1.0361332
1.0738732
1.030763
1.183018
1.0349259
1.1321626
1.0305762
1.0665345
1.3661441
1.1796918
1.0576442
1.1874746
1.2367595
1.0237298
1.0508236
1.072995
0.89179176
0.8972711
0.9960032
1.0710784
1.1259701
1.1237673
1.0723497
1.1442173
1.1049773
1.0648252
1.1168839
0.9305772
1.1070379
1.0738872
1.1131974
0.9982257
1.0828012
1.0085546
1.1450958
0.9896331
1.0108231
1.0639241
1.0607721
1.0631658
1.1234373
1.1038016
0.98429525
0.9975092
1.0458945
0.97497934
1.0456345
1.063904
1.188235
1.051126
1.1386065
1.2000394
1.0642118
1.1254535
1.1177324
1.0957496
1.1925626
1.1133174
1.0470576
1.1350143
1.1895263
1.119019
1.031439
1.043243
1.1667415
1.1907914
1.1988881
1.16169
1.1404725
1.0068679
0.9935944
1.0293318
0.950398
1.1177833
1.1195936
1.0920453
1.1695899
1.0573173
1.0306422
0.83337396
1.0020076
0.95984817
1.1152754
1.2072756
1.1082734
1.141572
0.92963415
1.0614519
0.89113885
1.1663567
1.0921248
1.1159492
1.1342413
1.1451677
1.160299
1.0784036
0.8731353
1.2432164
1.108435
0.9192183
1.1808546
0.99066705
1.0888044
1.0318652
0.97317237
1.0005511
1.2064223
0.81464964
1.060349
1.0009164
1.1790688
0.7906376
1.0987121
1.0839105
1.0992837
1.0574151
1.0591687
1.0555104
1.0933042
0.79435956
0.90816253
1.2573165
1.1813127
1.0892793
0.65732086
1.2259332
1.342607
0.9238375
0.9198437
1.295835
0.9780397
0.97469634
1.1316383
1.4360279
1.0895251
1.1474328
0.8641881
0.85294795
1.0830692
1.3590841
1.1120346
1.1098083
1.0882186
0.91262865
0.9022182
0.9924332
0.8643937
1.0663494
0.97036994
1.2512355
1.1652111
1.0616192
0.80198336
1.0724208
1.0535425
1.1769568
1.2354261
0.9663968
1.1527379
1.1008296
1.3232573
1.1361638
1.2240853
1.2180932
1.094315
1.1569558
1.3680916
1.2517475
1.0773258
1.2049172
0.6810031
0.61553085
0.953598
0.8440642
1.134684
1.2673225
1.2861806
1.1904722
1.0565369
1.1509395
1.1673473
1.1087885
1.1149726
1.3294117
1.2860831
1.2974108
1.2548711
1.1251069
1.016094
1.1836343
1.2749122
1.1720988
1.3614804
1.2075477
1.3530043
1.2417846
1.2821338
1.3365518
1.0623893
1.2592124
1.3293499
1.2924896
0.9067576
1.3035321
1.2612811
1.262103
1.1096953
1.176187
1.1978649
1.1140438
1.2886386
1.3961957
1.3174188
1.2679768
1.3006572
0.69129694
1.0559841
0.7219551
1.0069935
1.2072701
1.2651664
1.2428516
1.2470134
1.0781486
1.1670065
1.1762373
1.2092885
1.2465241
1.1430267
1.2647982
1.1707702
1.1289394
1.2453337
1.1620152
1.2117603
1.2388904
1.2886462
1.211492
1.2224791
1.3401049
1.0933697
1.2516097
1.217876
1.1984905
1.1571343
1.0548552
1.2391914
1.2949938
1.1624869
1.2093194
0.82069826
1.377927
1.2170253
1.2880807
1.1033792
1.2008846
1.0358615
1.0815905
1.0649668
1.1422914
0.95396006
1.1176937
1.1236588
1.2153858
1.0998968
1.0946217
1.0618224
0.9185469
0.8266577
0.8134028
1.1878219
1.128179
0.7764119
1.0231116
0.57750857
1.1323016
1.3204181
1.2347778
1.2403953
1.1209404
1.148327
1.1588869
1.1298951
1.1146597
1.0270703
1.1187097
1.084823
1.3079458
1.0168209
1.109528
1.247097
1.3181405
1.1980486
1.1947846
1.09443
1.248178
1.0900867
1.1838804
1.3102808
1.1134458
1.0799038
1.0515108
0.9320874
0.82406735
0.9120734
1.1137581
1.1244699
0.8593124
1.0613489
1.2362107
1.1907675
1.2148979
1.0146339
1.058023
0.7395354
0.92129034
1.0065367
0.940343
1.1598383
1.1176844
1.150359
1.1911889
1.2464291
0.97819895
0.9105958
0.7590033
1.1427876
1.0295404
1.0127941
1.1480751
1.0596737
1.111889
1.1484158
1.1266652
1.0969515
1.1369222
1.0666075
1.0757535
1.0089542
1.1769075
1.2376509
1.0176706
1.0703679
1.0799757
1.0462973
1.0072984
1.155484
1.2455696
1.0964755
1.1896081
1.204452
1.0566169
1.1200025
1.196197
0.94840866
1.326471
1.2221179
1.1568784
1.2896259
1.2428095
1.0507722
1.0109273
1.1309803
0.9418807
1.1932222
1.0935978
1.0170407
1.186523
1.2188693
0.90401804
1.1770027
1.1887668
1.1733332
1.1102918
1.2189618
1.1065335
1.0303962
1.0803726
1.1924008
1.0015815
1.1609246
1.1186789
1.0412539
1.183955
1.176961
1.1631548
1.1461504
1.2765605
1.4123381
1.2437992
1.0787853
1.1159296
1.3043361
1.1462109
1.1548897
1.1519257
0.83783233
0.9205184
0.8087875
1.2352405
1.1363045
1.2168574
1.1536186
1.2324507
1.1215092
1.1013877
1.1110744
1.1252187
1.157015
1.2385117
1.1812265
1.0921024
1.1299284
1.2436734
1.2499717
1.0523657
1.1217848
1.101562
1.111307
1.1103884
1.172732
1.1829482
0.96116287
1.2977873
1.20567
1.1406311
1.0014029
1.0588088
1.1244035
1.1833088
1.1041235
1.1994202
1.1588874
1.168842
1.0250964
1.0949615
1.0966395
1.1643596
1.1715201
1.2627124
1.1979176
1.070348
0.9880289
1.2939665
1.2172068
1.2587794
1.2540616
1.0517983
1.1795005
1.1907786
1.1596352
1.1742895
1.2470002
1.2495424
1.1724508
1.1958252
1.2283057
1.244468
1.0512238
1.2787926
1.2851833
1.24512
1.2970669
1.0665151
1.1611075
1.156979
1.1299794
1.2333204
1.1543182
1.3348327
1.2838516
1.1427517
1.2508423
1.2558261
1.0707054
1.1623288
1.2392821
1.0467083
1.3957995
0.9616369
1.0259839
1.1343955
1.1860242
0.84055024
1.1477654
1.2209756
1.2950892
1.2064376
1.1688373
1.321755
1.215709
1.1737332
1.2906133
1.2031242
1.0616647
1.040448
0.84773016
1.2806282
1.2307608
1.1504861
1.2002883
1.2478789
1.3616934
1.1638899
1.088499
1.1921681
1.2000687
1.1996158
1.17869
0.99961495
1.2414882
1.2343425
0.95563996
1.1665078
1.2291313
1.3316543
1.3475763
1.5002252
1.30231
1.2232296
1.2806537
1.3143606
1.2923976
1.3664045
1.2386808
1.3195206
1.3187776
1.3160664
1.2873864
1.1751912
1.2162493
1.1586803
1.3048701
1.1612052
1.2126968
1.2747003
1.4081651
1.3502228
1.2349236
1.3103946
1.2750074
1.3898588
1.2855409
1.3868634
1.2132833
1.0620635
1.0614712
1.1875293
1.1677591
1.0344006
1.1503708
1.211372
1.2600368
1.3342154
1.0908928
1.2557864
1.3365335
1.1419039
1.2055337
1.3866516
1.2591408
1.3066388
1.306849
1.2133034
1.3279971
1.3060162
1.0538863
1.2392075
0.9231459
1.1525121
1.3368777
1.2494361
1.154822
1.160843
1.242323
0.99603325
1.280208
1.1870949
1.1346431
1.1657294
1.1459957
1.2373981
1.0775691
1.4740999
1.3897134
1.0431607
1.206341
1.0995013
1.2889498
1.2723669
1.1764739
1.1938583
1.3847824
1.0992199
1.1426281
1.1584454
1.1265476
1.2255626
1.2801934
1.2062942
1.232823
1.2612286
1.1487813
1.228796
1.2093387
1.2175063
1.2570962
1.1292623
1.2251709
1.2066443
1.3072243
1.1519647
1.2464591
1.3574138
1.2004418
1.2349697
1.3022676
1.2135644
1.1426371
1.1170018
1.1536189
1.1824894
1.1507337
1.0835704
1.1298763
1.2230102
1.1808443
1.3318071
1.2081562
1.2637827
1.1860433
1.2921281
1.2141762
1.2066263
1.1540378
1.2888474
1.2778533
1.1720746
1.4233612
0.9614345
0.9430906
1.1302755
1.2576249
1.1723328
1.1680727
1.3146259
1.3033698
1.2283022
1.184431
1.0557289
1.1453638
1.306632
1.2778829
1.1473627
1.0467291
1.168089
1.1392392
1.1274656
1.1871417
1.1071565
1.0506493
1.2495891
1.272817
1.2298349
0.96680456
1.2154107
1.1201965
1.4546573
1.2205169
1.4862078
1.2405968
1.2276512
1.2974114
1.236062
1.2926537
1.2424324
1.2723702
1.2482347
1.163073
1.2819798
1.2392634
1.2325137
1.2030071
1.2472268
1.3313832
1.2884178
1.1676124
1.2462837
1.2094593
1.1774628
1.2247233
1.0698867
1.1655074
1.1335065
1.2889553
1.3103343
1.1751676
1.2683988
1.3808131
1.360855
1.1144334
1.1411302
1.256107
1.2891899
1.3079252
1.1246811
1.2570431
1.3293196
1.2578647
1.1984025
1.2496611
1.324453
1.2170169
1.2124835
1.2309595
1.0174006
1.4819846
1.2063234
1.2374264
1.1441804
0.9994237
0.9792486
0.98470306
1.0407834
1.3237491
1.3215065
1.3122884
1.2881725
1.2068486
1.1878369
1.1680887
1.0818573
1.2117324
1.117422
1.1983467
1.2733749
1.2674575
1.257829
1.1632781
1.3160671
1.4605703
1.3978643
1.669496
1.411163
1.3333669
1.2581773
1.1397092
1.1707482
1.219297
1.2434267
1.216958
1.189567
1.3342739
1.1576452
1.1203898
1.1261226
1.4583904
1.1073599
1.2051239
1.0099227
0.90895456
1.3752271
1.4652939
1.1172501
1.1360996
1.1794238
1.3837008
1.3617374
1.2372775
1.4283948
1.2458614
1.3123051
1.3438828
1.4593872
1.2502543
1.1711199
1.251495
1.31067
1.4309185
1.4524466
1.3555052
1.3477587
1.5348253
1.3437239
1.3727154
1.3897483
1.2884594
1.3409659
1.3761541
1.4143889
1.4269482
1.408561
1.2065524
1.20471
1.094415
1.2515644
1.3364695
1.3018345
1.1502355
1.0916737
1.1881995
1.4052687
1.5569824
1.4432465
1.5963756
1.3976043
1.2741816
1.2864581
1.2952931
1.2857317
1.4186908
1.3648869
1.1808748
1.4077432
1.0544244
1.406
1.225744
1.19043
1.1932194
1.242155
1.195201
1.298845
1.3810774
1.4021239
1.3113222
1.3038536
1.1821485
1.3696388
0.9356911
1.3084122
1.0749108
1.4229884
1.4470373
1.2404307
1.4132247
1.3884712
1.2520428
1.1479617
1.2428964
1.3285439
1.2352072
1.2935146
1.2050164
1.0753882
1.356325
1.4056953
1.2970357
1.4008218
1.3610404
1.3418481
1.3792338
1.3374287
1.436348
1.3930578
1.3628917
1.374001
1.2822856
1.2455585
1.4559125
1.3589612
1.2980036
1.1842873
1.2726532
1.4197427
1.3574208
1.4810262
1.4404701
1.3259344
1.4220035
1.282298
1.3642727
1.4381664
1.3588105
1.3676759
1.2469893
1.4405094
1.2663829
1.3841629
1.4239776
1.3660122
1.4018908
1.2594191
1.330708
1.3808298
1.2237281
1.2393618
1.3701379
1.3040646
1.3033981
1.3109047
1.2982625
1.3083893
1.2776654
1.4040554
1.3175712
1.2274139
1.3953981
1.4350286
1.3126334
1.3914168
1.3841274
1.3365327
1.4240124
1.3545892
1.3912797
1.36538
1.3957114
1.2754161
1.4335296
1.3286004
1.4915711
1.4312361
1.4734366
1.3698071
1.3518796
1.4018642
1.403703
1.28662
1.3182923
1.3087168
1.3294123
1.2906651
1.2734183
1.3140813
1.6801049
1.4204888
1.5786554
1.3598182
1.4020264
1.5473983
1.3862463
1.5887387
1.5108404
1.5510261
1.2973533
1.3949275
1.5136455
1.4187392
1.3643165
1.3437471
1.3741323
1.3817015
1.4659556
1.5533572
1.2631428
1.4816433
1.5176343
1.4145913
1.3870745
1.567045
1.465563
1.4703614
1.6027619
1.4544417
1.571514
1.5339093
1.3866276
1.4755954
1.4656373
1.5188243
1.5474942
1.2394159
1.4495996
1.5067048
1.4430748
1.6134012
1.6163439
1.391295
1.446666
1.5130237
1.4137268
1.3687859
1.459797
1.1625332
1.4595517
1.5224086
1.4623895
1.3795956
1.475694
1.5013459
1.5019674
1.5231438
1.499273
1.4299898
1.591845
1.5196894
1.39809
1.3645108
1.5205616
1.5653592
1.5335695
1.579266
1.4269451
1.52109
1.4920378
1.4578816
1.443124
1.4788446
1.4684008
1.2952373
1.3958244
1.5037601
1.284019
1.3146276
1.4860991
1.5073903
1.3441631
1.3776686
1.5431724
1.4053801
1.031287
1.6736255
1.4066309
1.4160239
1.4438902
1.629217
1.5129764
1.5202767
1.3561519
1.5246696
1.3984549
1.4924692
1.4267566
1.3419288
1.4647131
1.5099794
1.658124
1.5528388
1.691857
1.5578595
1.2161444
1.4105214
1.3718301
1.6635965
1.214078
1.5364168
1.5842943
1.4444323
1.540451
1.4271331
1.4776034
1.2078016
1.4277328
1.5990239
1.4408177
1.5091064
1.507521
1.4238168
1.5234113
1.4818604
1.4684578
1.5063225
1.5084645
1.2522879
1.4010832
1.2703952
1.5375518
1.3242923
1.5681195
1.3817034
1.512144
1.5661292
1.4563984
1.5757388
1.5625529
1.6084529
1.5455967
1.4319315
1.2869895
1.5961865
1.4756705
1.4675096
1.4515884
1.391045
1.4335341
1.6000999
1.494149
1.3819427
1.4133383
1.0215604
1.4698975
1.4690688
1.4589316
1.3788011
1.4688239
1.5163208
1.4769074
1.4319614
1.5687687
1.6459138
1.2533231
1.265485
1.5478065
1.3987851
1.4819155
1.5269725
1.4439805
1.5669743
1.4223223
1.429447
1.5255753
1.5386329
1.5859749
1.4627349
1.4745948
1.6677237
1.5636901
1.5290085
1.5351994
1.2619889
1.1748044
