0.71066827
0.30095887
0.29399192
0.2617029
0.32021865
0.19696933
0.18798207
0.16713141
0.177248
0.30009207
0.35828465
0.31090745
0.18041754
0.19605042
0.26438078
0.25744325
0.29241884
0.5077575
0.20796086
0.2336964
0.10656896
0.117122
0.112277
0.19464403
0.15261985
0.2766531
0.266869
0.30153728
0.39237556
0.47883496
0.6151879
0.44377792
0.46762127
0.29196608
0.3362281
0.3728132
0.2632314
0.32554942
0.30382794
0.34590176
0.2249595
0.18246369
0.2424857
0.23009402
0.2424236
0.37192845
0.4205547
0.19933048
0.27841178
0.3039974
0.2869693
0.58656096
0.3747943
0.38899234
0.6516016
0.3813126
0.21114029
0.19464193
0.53226644
0.3546109
0.46021312
0.15153015
0.15097037
0.18259417
0.18589792
0.1839222
0.18368782
0.16801053
0.19873817
0.23427172
0.20008378
0.19739532
0.3144099
0.44724563
0.13041645
0.08678876
0.16524445
0.24593818
0.5185172
0.20154095
0.15531407
0.15855223
0.07183718
0.66463035
0.4129839
0.25264016
0.28427354
0.30286205
0.36266437
0.3124751
0.41322407
0.37917066
0.25280955
0.18173054
0.17488827
0.30153713
0.3725521
0.33769754
0.34378976
0.32498088
0.33478364
0.268166
0.20064496
0.2871267
0.23748253
0.49809003
0.43043363
0.23485701
0.3255217
0.29509234
0.35642326
0.35406345
0.25998488
0.42510957
0.35125524
0.16156884
0.21608958
0.1539631
0.40480053
0.43992028
0.2719456
0.22016963
0.32441953
0.31163892
0.15695578
0.24228376
0.4137902
0.3610212
0.25503412
0.36789104
0.22062364
0.3504235
0.19570036
0.19877477
0.40631017
0.4284743
0.35426486
0.30092612
0.13991272
0.10039755
0.27222297
0.29588696
0.35215676
0.4327582
0.38428602
0.356607
0.31375754
0.23545036
0.4479633
0.18692236
0.121998265
0.43839887
0.18230058
0.2937519
0.3199174
0.49143216
0.18555523
0.3136038
0.20420481
0.17252907
0.24020615
0.35260522
0.20895441
0.3945893
0.31567883
0.29535815
0.20928742
0.2532962
0.21111722
0.17695509
0.142988
0.20086028
0.20205836
0.23066175
0.33501887
0.53081816
0.3072634
0.20784841
0.32763436
0.35061103
0.29335445
0.40523684
0.4698201
0.21370317
0.3256488
0.21461916
0.21171291
0.21367802
0.23712845
0.32605985
0.27614415
0.2563693
0.28783876
0.18078505
0.15900695
0.36735627
0.39236596
0.23960496
0.32570106
0.32718384
0.26178694
0.18731852
0.15235527
0.25442517
0.21719573
0.3128395
0.21879591
0.42089206
0.22134453
0.1933277
0.33975083
0.43206653
0.39233845
0.23036154
0.15053277
0.19619286
0.17371225
0.18263805
0.21433458
0.2506615
0.19834575
0.24864496
0.35270065
0.27349642
0.30132946
0.2286592
0.20671715
0.44364914
0.22223698
0.39811417
0.27160785
0.24533914
0.2815461
0.5545833
0.3960098
0.30241847
0.25750676
0.22436142
0.2843539
0.24105892
