-0.076331794
0.003537166
-0.014111397
-0.0036610856
-0.043116927
0.017933391
0.034162227
0.009693268
0.027268225
-0.13118556
-0.17497197
-0.16355617
0.02057123
-0.017664768
-0.0976424
-0.092236735
-0.11124274
-0.37365922
-0.017654838
-0.01789835
0.10560666
0.10279748
0.105924755
0.056825705
0.07936918
-0.07797414
-0.09877679
0.0062089474
-0.2512375
-0.38229546
-0.3258205
-0.21376993
-0.21676727
-0.15107824
-0.16810514
-0.15771873
-0.12141562
-0.14627165
-0.07352122
-0.222445
-0.034256242
0.042245835
-0.12419027
-0.038180247
-0.027295575
-0.22520499
-0.28871801
-0.070870355
-0.10107359
-0.1128752
-0.09764357
-0.12024546
-0.1510722
-0.1001738
-0.19175884
-0.043005113
-0.023699077
-0.0126830265
-0.15362956
-0.12227945
-0.18912801
0.08970805
-0.029703135
-0.1130899
-0.108766615
-0.11121741
-0.10954933
-0.09732912
-0.08984739
0.020136638
-0.047160693
0.0275179
-0.07391164
-0.103930816
0.09194229
0.11339965
-0.035946306
-0.13189413
-0.36617744
-0.12679
-0.018060416
-0.022817142
0.14214519
-0.15570652
-0.16718346
-0.005171555
-0.094816506
-0.09935271
-0.13725643
-0.059758
0.035143536
-0.069372475
-0.02991345
-0.028803578
0.0968115
0.018987514
-0.06726151
-0.006672042
-0.048636016
-0.21506289
-0.03297733
-0.054064438
-0.033974722
-0.022952925
-0.040234137
-0.24453987
-0.1843769
-0.01939338
0.031508878
0.013044354
0.013446057
-0.06653687
-0.027698541
-0.0625044
-0.07046393
0.0022923583
-0.081271745
-0.02518803
-0.14813517
-0.14046486
0.012229771
0.056131996
-0.04913943
-0.12840687
-0.043679208
0.12925914
-0.11216939
0.050377503
0.04383749
-0.108874366
0.11463764
0.0047521587
0.15310834
0.08192252
-0.20344563
-0.20558475
0.091388986
0.10469574
0.17839615
0.19613688
0.102752164
0.09634101
-0.08201137
-0.18522896
-0.15278335
-0.022245321
-0.043330766
-0.05304502
-0.08365682
0.073772475
0.06264204
-0.1562253
0.11215646
0.051966123
0.05682196
-0.1482132
0.09866642
0.057873864
0.12554626
0.13074227
0.08696161
-0.046773326
0.17392029
-0.0044245524
-0.028431509
0.11495992
0.10976965
0.070313305
0.11804928
0.088831656
0.11692265
0.21334656
0.18148577
0.16192342
0.013968205
-0.2326374
0.03962815
0.27462542
0.16435741
-0.030782506
0.32906422
-0.04570748
0.11975864
0.20693393
0.059380196
0.39831802
0.30010206
0.24059539
0.18016186
0.07287593
0.17012596
0.22836794
0.115982056
0.037456315
0.061201368
0.08033826
-0.07960035
0.17753041
0.16560145
0.10396577
0.16026281
0.08880026
0.01883321
-0.018419154
0.30560502
0.023621744
0.14859146
-0.016158933
0.08803563
0.20854117
-0.0137913665
0.12634958
0.060812224
0.2037119
0.25288638
0.4005947
0.047766022
-0.052916955
0.32989812
0.20263691
0.025930636
0.140775
0.035519913
0.10045901
0.04544287
0.2263811
0.38552457
0.045398526
0.20803587
-0.10466142
0.17357501
0.50047505
0.49963132
0.08825598
0.26529846
0.15102793
0.20787898
0.40102425
-0.09231135
0.11648989
0.38050973
0.016348964
0.14582367
0.09015545
0.053384174
0.103803225
0.0029615045
0.12563585
-0.06647581
0.020211348
-0.010465189
0.06894057
-0.0074522253
0.007787768
0.027400145
0.0044732653
0.10028782
0.26257816
0.3895177
0.111613214
-0.12502596
0.029700013
-0.14654222
0.033239335
0.25554186
0.05589535
0.26492155
0.20312999
0.121239565
-0.04300116
-0.31917724
0.10019887
0.032799575
-0.09187429
0.14185539
0.20731753
0.09914489
0.2069687
-0.03944496
-0.11251558
0.05922139
-0.044807192
0.08011842
-0.13143475
0.046008363
0.19104078
0.3264063
0.3061068
0.115524605
-0.25374416
-0.19355482
0.08336824
-0.015256391
0.020567385
0.010372178
0.22334217
-0.011355267
0.1403197
-0.030837866
0.3041664
0.41616687
0.066564634
0.25954634
0.14070232
0.26816002
0.2725907
0.17707114
0.11064561
0.007902683
0.23089945
0.1334163
0.2355097
0.28396222
0.34797773
0.17430127
-0.061701465
0.29021847
-0.15886639
0.19067787
0.18336843
0.26629928
0.19170047
0.05616673
0.29275632
0.23411995
0.21118326
-0.2383153
-0.10738966
0.06447253
-0.014051646
0.10454821
0.31710008
0.3429343
0.22377214
0.53102696
0.22448075
-0.07642452
-0.06298535
0.11338591
0.25864258
-0.069640115
0.06277206
-0.09615996
0.021715753
0.14635384
0.077462494
-0.025947776
-0.048661165
0.20853311
0.27919403
0.046086308
0.086522415
0.15680937
0.17181814
0.13710722
0.06561456
0.033819124
0.3815974
0.16653831
0.14752646
-0.111329764
0.17148785
0.10469409
0.032237142
0.38156113
0.42813924
-0.052535806
0.23607706
0.46852943
0.30085856
0.088515446
0.022472657
0.0771368
-0.0327661
0.12683243
0.08735391
0.122900516
0.27877977
0.21110216
0.41763923
0.34141636
0.048629817
0.15007333
0.13582876
0.006443249
0.3612995
0.09933625
0.11487568
0.3161709
0.103451654
0.32040587
0.15666895
0.06975984
-0.10241574
0.32383
0.41299933
0.37060538
0.57548404
0.41313016
0.59282625
0.25759593
0.23589727
0.54998416
0.4356732
0.30713162
0.39748096
0.22298041
0.22035661
-0.007123935
0.4198534
0.20851868
-0.14451733
0.12887482
0.035148606
0.035840645
0.023487205
0.05988794
0.21212074
0.35889208
0.4212004
0.31991708
0.32584798
0.45138824
0.707058
0.51161057
0.39194974
0.23360252
0.4178536
0.27391544
0.49366653
0.29328227
0.69691163
0.46561375
0.2406785
0.23280026
0.47715145
0.37631688
0.5234991
0.51158166
0.49799564
0.41795644
0.479608
0.41371575
0.3053143
0.51195204
0.47002816
0.2203842
0.3913805
0.035124537
0.042265482
0.37135652
0.25987977
0.12572926
-0.027170427
-0.05128379
-0.027936127
0.09227442
0.5255475
0.62761533
0.45491597
0.40972945
0.37724647
0.5505058
0.20979498
0.2596266
0.4218315
0.4311868
0.11879704
0.09506361
0.37042117
0.3451041
0.23963772
0.40167055
0.29457155
0.39972806
0.47734898
0.3094125
0.17200437
-0.09920533
0.43755618
0.48645487
0.21156926
0.090785764
0.029069958
-0.06028013
-0.017397858
0.04988032
0.3685408
0.58736384
0.39606452
0.29977718
0.5049367
0.38950962
0.37634072
0.38652498
0.41529074
0.24520817
0.26942265
0.12991199
0.34601194
0.1208121
0.3474921
0.051953293
0.34107503
0.34029424
0.3499261
0.26673993
0.15983588
0.5187733
0.29081824
0.6367679
0.3022529
0.109062456
0.11100918
0.29633325
0.22306143
0.4013865
0.36070973
0.38438725
0.5839037
0.45963603
0.46270627
0.4420012
0.46295932
0.24849066
0.2467672
0.47940174
0.42703748
0.20183411
0.26022503
0.3702021
0.14801808
0.099619806
0.64169836
0.5084951
0.4967788
0.42268822
0.28369552
0.26286545
0.45221165
0.5696606
0.5259551
0.22794579
0.18281533
0.2839119
0.41538265
0.20622401
0.045099653
0.11608148
0.5158023
0.27883017
0.5943341
0.45130542
0.22694246
0.5108959
0.53812706
0.4613806
0.54271257
0.47688335
0.50622594
0.8044286
0.5280418
0.3891799
0.43034878
0.77767324
0.31354964
0.31476334
0.52335715
0.55652076
0.63834125
0.55058134
0.62344176
0.48271218
0.39976662
0.4865315
0.5251585
0.36954835
0.32515538
0.5068443
0.60977846
0.6885595
0.16813374
0.45825428
0.31507605
0.5154797
0.6135684
0.4231371
0.39119297
0.51366425
0.6661876
0.34388247
0.33686474
0.3946761
0.59454
0.13640541
0.27745262
0.25645536
0.3783383
0.48786026
0.2247802
