9.401432
10.072827
26.763567
7.0762763
5.752415
3.394648
166.85107
14.95148
32.40824
7.137931
14.51546
7.7342625
3.544673
4.348122
2.5844476
3.2515032
3.1806078
3.9153533
2.3746772
2.7237716
1.9655907
2.3597083
2.2079449
2.985284
2.305163
2.4378285
3.2597077
2.7575567
2.8460555
2.7617767
1.9998012
2.6301072
1.9639031
2.5333989
1.8577555
3.1451218
2.5170436
2.6287148
3.7364793
3.0721247
3.3310852
3.468861
2.6329734
4.020495
2.3408947
2.437558
1.7226795
2.256282
2.5235147
2.416423
2.3887968
2.1136672
3.5722775
2.7727997
3.0939493
3.0972624
3.0747583
3.085204
2.9029493
41.723614
22.788574
9.898021
6.687382
3.749953
6.0603337
6.48318
5.95466
4.732212
4.053743
8.083326
4.018633
5.228343
5.159952
3.9756112
5.1890197
3.7130136
3.6010659
3.655641
4.1059575
5.185601
5.1102004
5.1856337
4.8125057
10.330153
3.7837358
6.793551
7.5919
4.794325
6.807942
3.358709
3.6606855
3.0491936
2.5533645
3.2885296
2.3157916
4.7261915
3.5170069
13.494345
7.4599605
10.034639
11.218518
5.757277
5.192309
9.793476
4.625681
4.116728
3.7811081
3.8574445
5.0903735
3.583836
5.5417366
6.7431297
3.289943
5.1008096
5.0479374
3.3158376
6.9546556
4.2508454
3.9519215
3.9661071
3.6956
3.508802
15.214012
4.44112
5.2985783
5.6618013
5.5810704
6.258135
14.414411
3.8044846
4.4817243
6.897157
3.1713126
4.514845
10.5508995
4.514115
5.9118853
5.1025286
4.5357213
4.6861935
3.2634537
14.4880905
5.1103244
4.34124
3.4074633
5.884886
4.2288713
2.5563738
1.9054244
3.148589
6.893873
5.366313
8.314465
3.675061
11.369508
9.487273
25.771557
4.5669
8.439564
13.407431
5.646413
5.3463397
52.286705
5.3868628
4.112863
10.479622
10.030505
13.987827
40.075436
