0.49685383
1.5040473
1.557605
1.3734285
1.9021072
1.42769
1.4743207
1.3122902
1.6640636
1.527358
1.8622925
1.6487949
1.387273
2.1748216
2.4729269
2.0197518
3.298437
2.3111107
2.884891
2.159627
3.086331
2.7184436
2.1105988
2.6623974
2.6890376
3.3823214
2.2868516
2.530796
2.5106819
2.5140948
3.4435565
3.04905
2.7013166
2.987778
3.2699544
4.117892
2.1723754
2.4357684
3.890253
2.6983886
3.502204
2.9461927
2.5946102
3.706311
2.6383755
2.5066483
3.0266142
2.8442488
3.0928235
2.6870675
2.3740606
3.087759
2.6306438
3.3759854
3.0450258
3.2486172
2.95928
3.110829
2.943029
3.3593125
2.9504519
3.680649
3.2280471
3.1387298
2.405745
3.1538599
2.971441
2.836231
3.0617716
3.2622573
3.1180224
3.2498837
3.4116802
2.966229
2.4885628
3.433004
2.5958855
3.1897182
3.7511191
3.5928428
3.4219034
2.653555
4.07181
3.7795348
3.2275965
3.1227496
3.6601381
3.2459338
2.9853165
2.7564454
2.1169202
2.5911345
3.0742083
2.779105
2.9854836
3.7964048
3.4291968
3.3938956
3.3473315
3.3500519
3.0325887
3.0479035
3.6022756
2.6482856
3.230119
3.3334937
3.4157915
2.735597
3.4742384
3.2811196
3.9402785
3.1189115
2.3247275
2.276022
3.705625
2.731358
2.9118595
2.3294582
3.1976316
2.5230312
3.1254494
3.225184
3.1324518
3.7965689
2.882476
3.787904
2.624251
2.3908346
2.5566726
3.2934732
3.5079262
3.0632005
2.8590207
2.9517148
3.631282
2.2806208
2.878611
3.8903294
2.9348824
3.268545
2.5110068
3.3196783
1.9796531
3.0966928
3.4200523
3.210866
3.0286214
2.772756
3.2032337
3.2686322
2.9972525
2.6928124
2.8273733
2.9713688
3.1634772
2.859504
3.0628552
2.8510242
2.9501019
3.0974047
2.9189734
2.6863422
2.2892742
1.9601622
2.443732
2.56957
2.146652
2.7426596
3.0726025
3.0978558
1.9825652
3.4174714
2.4873607
2.3371177
2.7898571
2.1211479
2.0493166
2.005457
2.6185076
2.2437546
2.5257647
2.2304962
2.0106442
2.008828
1.836672
2.0938222
2.0808523
2.527613
2.4676921
2.0198183
2.1660552
2.2285724
2.3360941
2.2624037
2.2854128
2.042338
2.3252938
2.0573761
2.4847317
2.3990252
2.2555368
1.6793643
2.417887
1.8318486
2.2157674
1.9135784
2.408773
1.8541603
2.5125604
1.8288169
2.2601647
1.9144849
1.7240223
1.9850392
1.8437423
1.6495426
1.853318
1.7578104
1.8867787
1.9971226
1.8219047
2.1762404
2.2274003
2.347166
1.9919028
2.113244
2.014784
2.0560482
2.239208
1.9271187
2.1644993
2.0593019
1.9412345
2.134531
1.6806552
2.2339466
1.9885492
2.0692675
2.0455418
2.0032928
1.9318013
2.3014517
2.310615
2.1065228
2.035381
2.092132
2.1539392
1.84461
1.8982048
2.1871107
1.7781863
2.0548751
1.8381838
1.993909
2.0463731
1.711624
2.1693797
1.8594525
1.8916807
2.1626835
1.9149432
1.8640267
1.8967125
1.9162008
2.323329
2.104062
2.3866913
2.172026
2.227277
2.0527272
2.049189
2.243203
1.7722642
1.8345387
2.0045323
2.1363425
2.1998668
2.1533833
2.0655694
2.0138674
2.1289296
2.1387484
2.0306828
1.8698157
1.8125045
2.1772003
2.1564872
2.0475907
2.4189665
2.237619
1.9289365
1.8885404
2.4135454
1.9266843
1.845617
2.3597639
2.0433838
2.275319
2.145695
2.0074117
1.9189959
1.502244
1.8949912
1.9932535
2.2971292
2.1277766
1.8911736
1.7628126
2.0441384
1.7754548
2.0329783
1.4626625
1.7617918
1.9797852
1.6989249
2.1139696
1.8488802
1.8531891
1.878237
2.1309233
2.2340603
2.1623898
1.957788
1.8738731
1.960022
1.956628
1.8147527
2.0307038
1.9466579
2.5741434
2.207655
1.9129993
2.1194656
1.9239868
2.053522
2.2687294
1.7230628
1.7527803
2.3581154
2.020653
1.8834674
1.9240396
2.447485
2.1874576
1.8282434
2.2218304
1.9632602
1.9200195
2.0249212
2.0769877
2.1455102
2.258123
2.0967777
2.4152138
2.4341655
2.517961
2.2149162
2.1485405
2.078558
2.206012
2.6760254
2.0050673
2.3573632
2.3371015
2.391726
2.3683763
2.4783347
2.4639158
2.0198042
2.028705
2.424713
2.421911
2.1117704
2.197268
2.3417263
2.608114
2.5333402
2.3638065
2.4842265
2.518389
4.876121
5.647032
3.6365314
5.330597
5.6869507
4.5107517
5.1037908
4.1632867
4.0139937
3.6193032
3.5596478
3.3767614
3.1102426
3.4161756
3.3037348
2.8485816
3.3092806
2.7539423
4.9730816
3.994686
4.2318177
6.2134314
6.900619
7.3353024
4.450975
7.824781
8.146847
7.8145847
4.327049
5.2658315
5.6050224
3.7364864
4.535551
4.822686
4.6762424
3.3872812
3.7691016
3.7680073
2.9699943
3.837034
3.1190658
3.6696155
4.598933
3.8193471
4.109017
4.3605022
5.9781675
8.756314
7.9109797
7.9425535
7.3731513
5.7436213
7.8152256
4.5048323
4.6503077
4.6949167
3.2940922
4.395093
4.1818447
4.559919
3.3077886
3.650687
3.457201
4.296614
3.8377678
4.5605245
4.009485
3.0423346
2.6594574
4.535004
5.742373
7.9856954
5.454849
6.352339
5.1145077
3.5593467
3.84799
3.4233444
3.7859015
3.946365
