39.239906
2.8237567
2.5829072
2.4347208
1.8605053
3.2781239
4.215987
1.9185082
1.8665155
3.035843
1.9986452
2.6919646
2.2452202
3.415901
1.1805613
4.436445
1.961752
2.3012738
2.3688972
4.14787
3.1941092
2.53537
6.032817
3.6876197
3.706058
3.167478
2.8908398
1.9532349
2.2858055
1.9539282
4.2816668
4.6142273
3.975378
2.666577
1.73291
2.5564861
3.381535
2.9298446
4.117628
3.5231202
1.6053199
0.9477752
1.8513433
3.6906729
2.1070707
2.3057363
2.9539373
1.8415692
1.5694371
2.181897
1.0276109
1.8649157
3.0720675
1.7593385
1.577578
1.2124947
1.8322906
1.8543746
1.3138995
1.2025039
2.1022186
1.5095433
1.0135957
0.76875234
3.2193098
1.2406616
1.6310109
2.2215273
1.3586954
1.6510347
2.9822223
2.7155595
1.6656466
2.0786982
1.7028514
3.0754948
2.2760198
1.9387184
2.6627152
3.1375039
2.4880133
2.5385003
1.7503685
3.4697459
2.2781425
1.3035103
1.0816741
0.72577006
1.8310333
1.8023505
0.77298254
1.2860553
3.0440645
2.389708
2.9190307
1.3478321
2.0480103
2.313685
2.3488462
0.7864905
0.9041983
2.1783288
0.7853023
1.01644
2.0619678
1.4988211
1.41597
0.7499464
1.8722796
1.634345
0.9312839
2.1938415
1.7385069
2.3548934
1.7778319
2.5627625
0.7659531
2.4280174
1.7342774
0.7502174
0.9747243
1.6779331
1.7562369
1.3047975
2.5467107
1.9837232
2.9060912
2.0955849
1.6911525
1.3654225
2.573712
1.9008317
1.4637626
0.4237996
1.6898271
1.1583918
3.3701453
0.46204305
1.4136239
0.42969012
1.1433319
1.3168161
1.2764825
1.277255
1.6418605
1.8488525
2.1594443
1.7302841
1.5986999
2.0083025
0.8752262
1.2173055
1.946863
1.7453985
0.77605003
1.1947557
2.4422753
2.103412
2.6078408
1.2561314
2.523439
1.3200722
0.38351983
1.0940055
1.8900764
2.116371
1.7382736
1.1271111
1.4726559
1.7632127
1.0145805
1.5576881
1.7916784
2.3282385
0.9500363
1.7768455
0.6336131
1.042478
2.9684424
1.4581382
1.5314984
1.1227301
2.1642354
1.8190918
1.963956
1.9607043
1.0969815
1.234351
1.0731949
2.2254713
1.3046283
1.2115316
1.4407288
1.6463705
1.6135784
1.2325203
1.1756066
1.0187671
2.4170141
2.3649852
1.1452265
0.73710656
0.8146808
0.9834797
1.6048512
1.9242201
1.7833601
0.85359854
1.587495
1.1033229
0.41716552
1.131796
2.7996264
1.7514071
0.8130214
1.0390954
1.0795472
0.9811811
0.67791104
0.82694334
0.81752104
1.4746063
1.705726
1.8552148
0.817559
1.3232846
0.872478
1.0712708
2.3590527
0.5864178
0.8825239
1.088058
0.36857635
1.4013841
2.7777991
1.4266782
2.9993556
1.3718175
1.6680593
2.1722233
1.5287788
3.4425201
1.8183696
1.333494
2.67311
2.3804138
0.81353045
0.83321244
1.1029749
2.7011344
4.46668
2.1848683
1.7561483
1.209285
0.87886846
0.6200345
1.149817
1.263314
1.68316
0.7726666
1.178131
0.9945197
2.1727026
2.5285788
2.560147
1.6296396
1.3172424
2.2631729
1.9082364
1.1387703
1.9509839
1.395229
2.8113928
1.3388268
1.3924668
1.0332999
1.3927723
0.7000662
1.1590298
1.6098392
14.577531
0.97101134
13.16523
9.120114
0.65241426
0.7317873
0.6038129
0.6086017
0.5697009
0.4677354
0.53529227
0.6606732
0.80703264
0.69365644
0.8018547
0.80823016
0.95352525
1.2329004
0.69735396
0.79686075
0.5564146
0.67239654
0.6819317
0.55934995
0.58715147
0.6951392
0.7370086
0.84832454
0.79711115
1.0241088
0.7993721
0.8461824
0.9262065
0.8862501
0.7817852
0.62408286
1.6174409
1.635492
1.5289055
1.507589
1.2537903
0.91331935
1.0463243
1.4912697
1.5087172
0.94836307
1.442448
0.699879
0.544811
0.61349165
0.7917137
1.1400344
0.68598473
0.64780724
0.6192336
0.70208794
0.4641826
0.7726245
0.9798513
0.9474115
0.7852955
0.6385788
0.60760754
0.594249
0.7035011
0.64970636
0.7396241
0.9346197
0.8184085
0.69587266
0.7246714
0.51280695
0.5201637
0.42772925
0.59412706
0.8497045
0.62266374
0.6315913
0.5446631
0.6915171
0.80908114
1.4920509
0.57834035
0.6630657
1.020208
1.0665096
0.59016025
0.5636568
0.5337
0.47286686
0.45784706
0.4025012
0.6973801
0.6250155
1.0013989
0.4894345
1.4351268
1.2688447
0.47400978
0.49471015
0.89766455
0.40483963
0.37834334
0.8655964
0.5629537
0.8533722
0.9721299
0.84770465
0.8256411
0.6641205
0.44788077
0.49111065
0.8630044
1.1389918
1.4839847
1.4120297
1.261474
0.9499567
0.494809
0.54130733
0.49398705
0.51381266
0.52730924
0.4186587
0.39016193
0.5093343
1.9521443
1.5175462
0.9638339
1.038015
1.1149677
1.5975903
1.2601589
0.736123
0.56424737
0.4983713
0.6092093
0.66541755
0.8041685
0.8644469
0.7826361
0.7516782
0.86925155
0.5512197
0.5967043
0.5152243
0.55206335
0.58503044
1.1003498
0.94982934
0.6872566
0.81611305
0.67655843
0.5533435
0.47825694
0.501672
0.43948597
0.48035595
0.47531593
0.44111773
0.4636495
0.4565625
0.5107187
0.6001265
0.4515558
0.47098026
0.51862836
0.4229724
0.44933128
0.6935365
0.50454646
0.50693893
0.48023164
0.5687049
0.55887777
0.40922073
0.44659898
0.60055333
0.5908884
0.39070877
0.415832
0.34136376
0.3344996
0.31064585
0.5213565
0.5581105
0.530443
0.52014947
0.47035494
0.4888977
0.51267034
0.6202614
0.83782995
0.9684652
0.87365973
0.5013021
0.4975113
0.45105746
0.49988773
0.6240928
0.62205076
0.71408343
0.9163683
0.94805443
0.57543296
0.30263224
0.53704405
0.8224334
1.4504035
1.2446489
1.2671795
1.1105345
1.0428737
1.0519626
0.94498324
1.0979989
1.697731
1.5166167
1.3397384
0.96197355
0.87551475
0.8955568
0.81115305
1.3117679
1.727876
1.8330902
1.0925454
0.88827384
1.0323576
0.952682
1.0989803
1.0253272
1.4753689
1.3415196
1.660124
1.1492646
0.68135023
0.5532156
0.5080716
0.7217541
0.8185615
0.87243956
0.70517844
0.6065077
0.7201204
0.73804736
0.4652585
0.520711
0.49695122
0.5265103
0.41004026
0.38942313
0.42902833
0.4437523
0.92315507
0.5524734
0.92778015
1.0590535
0.8806544
0.48152202
0.55143714
0.519682
0.65972
0.82324827
0.7710997
0.819282
0.9870394
