11.779062
11.951993
11.717463
13.988365
17.531166
20.644787
16.169363
14.1094675
11.653583
12.997451
14.222317
15.946625
18.542336
17.712818
16.285154
16.011122
14.860478
16.862165
17.124195
13.127111
14.84161
18.547384
19.193956
14.822358
13.358917
12.419768
12.8011
15.312252
18.916803
20.37467
20.460289
17.156137
12.572245
11.569773
13.596911
16.392857
14.969032
15.906489
15.397754
13.074108
13.387892
15.8902855
17.908756
15.698974
15.932605
16.64727
14.350163
14.045006
16.189306
16.95477
14.820879
16.375355
15.986324
13.208794
13.653684
15.859254
17.536892
15.467576
15.526709
15.637816
13.951609
13.974121
16.112642
17.406923
14.736503
15.016222
15.448559
15.742925
14.638206
16.095354
16.81479
14.231079
14.686786
15.307618
15.496321
16.71199
16.251453
13.67175
11.687643
13.274522
16.189972
17.372692
19.0141
17.487309
12.660232
11.118446
12.61462
15.738282
19.06166
19.425209
16.351591
19.32358
14.636964
15.663348
13.495129
18.208977
14.457515
15.81084
14.363736
13.494874
14.567989
15.172399
14.855067
19.214184
13.08123
14.482708
16.001951
17.922585
17.569199
13.400108
12.914142
12.542118
14.475848
18.239296
16.364513
14.651034
16.670912
15.360117
15.150168
14.854698
16.361626
15.881377
13.252772
18.577133
18.198595
15.886653
12.7975645
11.454272
13.450264
15.6640005
14.252931
10.678198
11.396738
13.91092
18.346304
17.954533
15.221479
11.878396
12.642141
14.356015
14.252606
14.189754
13.982505
15.853071
17.041967
14.619917
12.328175
12.494754
14.840486
15.919225
18.493649
13.402334
14.527275
10.636849
10.56519
13.255873
14.458255
16.69333
15.687387
15.300213
13.005397
11.145421
12.705796
15.347958
12.421704
16.297155
13.97352
14.850176
15.545711
16.418217
17.385303
18.085413
15.888622
13.855941
12.539925
14.384832
16.815798
17.495146
15.832876
13.886162
14.682598
13.970138
14.035458
16.572899
16.360422
12.018755
12.768455
15.765408
18.096863
18.223263
14.034009
11.173851
11.870584
13.143353
13.397772
15.764181
17.650555
16.733833
13.759412
11.388492
12.026105
13.660644
15.1268
17.879898
16.673153
15.407202
12.604107
11.970495
11.579093
12.489917
15.289154
18.88151
18.136786
13.143132
10.75418
11.514613
15.043682
15.013633
15.157873
16.29789
16.392628
14.767429
11.711715
10.760729
11.822531
14.561754
16.898903
18.119614
14.653797
12.144297
10.900395
12.088356
14.970114
18.468925
18.958515
15.580157
15.969424
13.93839
13.767723
15.311631
18.899952
18.032835
14.79355
13.436461
13.873896
13.418857
15.404232
18.237196
21.125568
17.552553
13.553406
13.447942
12.297717
12.933477
13.788671
14.457187
16.95016
18.439674
18.193787
13.151442
12.026093
12.659459
14.231603
17.8842
17.425901
15.26262
14.3705845
12.875153
12.111499
14.662185
16.623014
15.134841
14.331509
12.582778
10.794966
13.085279
15.122658
16.255657
17.043015
12.120242
