1.327318
0.93171877
1.0288407
1.0960399
1.1986207
1.2266452
1.218712
1.0346168
0.67105246
1.0892929
1.0339125
0.76253945
0.984165
0.694347
0.6180542
0.5867807
1.3174499
0.8001366
0.60001206
0.33120286
0.39280716
0.78470767
0.5841318
0.49238223
0.776659
0.43794444
0.61067927
0.736772
0.8678429
1.2414243
0.62934786
0.6373946
0.75138414
0.7553676
0.81093407
0.7705332
0.31775752
0.6774657
0.7655406
0.6253311
0.72089076
0.65628934
0.6688661
0.45096898
0.8985238
0.4714242
0.52992266
0.9860494
1.1210312
0.86182874
0.23823485
0.645489
0.7322785
1.1027199
0.6222931
0.66213584
0.6297493
0.3685119
0.61998755
0.6710927
0.6996162
0.29560128
0.8752844
1.1565065
0.90517133
1.0552462
0.4892513
1.0953795
1.7813768
0.36714432
0.56042254
0.699944
1.2647418
2.0963244
1.7334529
0.82022023
1.6271688
0.84190226
0.8413761
0.9695948
1.3112334
1.375848
1.327899
1.2927322
1.3036495
1.3186156
1.2464085
0.26831698
0.26593712
0.3532592
0.32248104
0.6391052
0.30802214
0.22684054
0.24473825
0.23015231
0.4149767
0.5902073
0.95628214
0.96917427
0.46003437
0.25065452
0.26109123
0.30346036
0.605622
0.6324138
0.44037914
0.8001813
0.63785547
0.8194029
0.65150046
0.40858424
0.66726476
0.48119068
0.79065084
1.1170151
1.5488521
0.7063102
0.4939878
1.0689334
0.41732752
0.27444708
0.39612213
1.1304036
0.6234154
0.55770403
0.63352567
0.36831322
0.5447146
1.0699472
0.2264648
0.27075595
0.5318017
0.38701698
0.47350478
0.26329935
0.58184123
0.9224851
0.6523923
0.32245448
0.24055468
0.29174933
0.42816475
0.3014987
0.28681773
0.7186763
1.5896724
0.9172941
1.0718653
0.3324785
0.6220109
0.8284846
1.4433916
1.4575864
1.0588987
0.6282692
0.59915096
0.46694428
1.1442289
1.3717755
0.64115876
0.26938626
0.446306
1.5495251
1.5327133
0.70160013
0.4633277
0.89657056
0.5970525
0.3295229
0.33571613
0.33368534
0.42227638
0.6223043
1.1444893
0.69683975
0.5123406
1.090591
0.78309554
0.51179695
