-0.044429563
1.0230241
1.2059064
1.2104136
1.3806118
1.3559101
1.6711588
1.7078191
1.4690375
1.4997151
1.550025
1.5247301
1.4486511
1.6686319
1.6703141
1.6001315
1.6483976
1.774097
1.7500749
1.7804141
1.7305553
1.8785148
1.850393
1.8511009
1.7703869
1.860982
1.8429843
2.0839603
2.072017
2.3253434
2.0646071
2.07951
2.2614896
2.396858
2.2689643
2.387249
2.149229
2.3778358
2.0999174
2.3864346
2.247036
2.0065343
2.2899532
2.479402
2.2631655
2.4419782
1.9427658
2.0175292
1.9081275
2.0852976
2.0234728
1.6344483
1.5678302
2.0488033
1.8528302
1.8939993
1.8484476
1.6280551
1.8499701
2.0410936
1.6641438
1.9136428
1.9102536
2.0659423
2.05443
2.015278
2.0407581
1.8301969
1.8651624
2.0552983
1.9464797
2.1189241
1.9957552
1.8763919
2.0176957
2.1985857
1.9598823
2.007032
2.0307238
1.91219
1.2734973
1.3258542
1.3577708
1.2905225
1.6945696
1.8451753
1.7719662
1.6960306
1.6162814
1.6172934
1.5734127
1.6035318
1.4397957
1.5614905
1.6756067
1.5464907
1.6451001
1.640929
1.6455344
1.6894641
0.99346983
1.3319862
1.5665462
1.2458473
1.4818878
1.580269
1.5341717
1.6209166
1.9802315
1.5478303
1.8171164
1.8473489
1.8532311
1.662204
2.1061933
1.7648001
1.8820767
1.9765531
2.0084994
1.9548312
1.9933635
1.6486943
2.0293746
1.768754
1.765468
2.3162463
1.9950621
2.2969837
1.4848719
1.4336209
1.4560423
1.6813669
1.5350058
1.7505636
1.8388065
1.7079148
1.5952084
1.3230884
1.205282
1.6860237
1.6497973
1.4090096
1.7011993
1.5450586
2.7170646
1.2301896
1.4375796
1.0370262
1.5180855
2.749305
2.5922601
1.0848163
2.9039526
1.9572338
2.4921727
1.9582981
1.4645202
1.4221612
1.6751039
2.061162
