4.143059
4.7398667
15.92364
15.003953
31.13932
25.158733
14.003155
15.088566
19.675545
22.755577
20.890903
22.383474
12.3994255
7.5212355
8.795011
8.319958
13.765587
10.340928
11.78429
14.538204
20.145527
17.698193
19.274376
19.009743
20.517982
17.05497
14.404372
10.97849
15.365509
18.180397
16.625212
15.452484
25.349
41.61793
23.65482
9.420599
15.722769
17.467598
10.415081
20.699472
11.302937
14.539545
9.839485
13.822857
9.688923
9.561793
13.5588875
12.976293
20.448364
12.49476
28.804144
29.370111
15.099285
