-1.4006562
-1.8314127
-1.9587129
-1.991398
-1.9738992
-1.844599
-2.099155
-2.1233706
-2.408647
-2.709498
-2.1253493
-2.3757873
-2.4218147
-2.4572058
-2.2589464
-2.0899115
-2.0934815
-2.3282197
-2.010692
-2.3268304
-1.8888725
-2.3939147
-2.6655898
-1.9603739
-1.8905296
-1.9682705
-1.8976253
-1.7284393
-2.1073437
-2.0376773
-2.2078996
-2.1554394
-2.2003198
-1.9921287
-1.8704708
-1.9793087
-2.101418
-1.8003149
-2.2201722
-2.0689542
-1.902502
-1.9255264
-1.9619279
-1.9451735
-1.8330276
-1.9889624
-1.640843
-1.7055
-2.0520356
-1.8543161
-1.8495106
-2.0752249
-2.0497706
-2.0530343
-1.9737724
-1.9741063
-2.0686889
-2.0445635
-1.9553119
-1.9649674
-1.9702646
-2.0136454
-1.9381069
-1.9816475
-2.100587
-1.8755172
-1.927949
-1.8436323
-1.9430736
-1.7675967
-1.9389272
-1.9081869
-2.0661342
-1.9925103
-1.8155777
-2.178865
-1.9886824
-1.9458666
-1.9030714
-1.8512549
-1.9089332
-2.0327442
-2.2439578
-1.904018
-1.9031833
-1.9925176
-1.8350273
-2.0225725
-2.112868
-1.923111
-1.7896808
-1.8496736
-1.8145639
-1.9775668
-1.8657085
-1.8450009
-1.8513211
-1.7756507
-1.8297275
-1.850703
-2.200563
-2.1934826
-2.5801413
-2.9973745
-2.9621594
-2.9738226
-2.485693
-2.7965908
-2.712818
-2.8905227
-2.985369
-2.8235943
-3.74184
-3.3045177
-4.1410766
-3.1281497
-3.046949
-3.229413
-3.1490295
-2.7806215
-2.3096044
-2.7257583
-3.2705266
-3.6227078
-3.7528894
-3.1631598
-2.9127703
-3.2381933
-3.3048139
-3.4559596
-3.6815786
-3.31805
-3.3954134
-3.3262987
-3.3981855
-3.2066977
-3.2778466
-3.2557611
-4.151499
-3.6633935
-3.6753845
-3.4494224
-3.3637433
-3.4794865
-3.5566816
-3.4003365
-3.7749805
-3.646919
-3.7754917
-3.0564356
-3.2210343
-3.5638566
-3.667685
-3.788933
-3.821021
-3.6483393
-3.4855027
-3.49642
-3.6093128
-3.5126557
-3.4159524
-3.7331235
-3.4090106
-3.6310384
-3.7921898
-3.9837973
-3.1668007
-3.7191772
-3.5179207
-3.5974379
-3.857761
-3.922228
-3.5456262
-3.7811043
-3.771015
-3.7005548
-3.4676979
-3.4343445
-3.4780872
-3.6175342
-3.7892916
-3.583972
-3.8706226
-3.2469113
-3.737711
-3.5660453
-3.682192
-3.6999993
-3.8447409
-3.549276
-3.8529508
-3.667791
-3.167852
-3.483805
-4.0419173
-3.3016095
-3.551441
-3.6282918
-3.5154006
-3.5356884
-3.72417
-3.317283
-3.5295281
-4.698731
-3.3903053
-4.000083
-3.2623508
-4.3574495
-3.6370575
-4.0551066
-3.5641413
-3.8286834
-3.1068947
-4.035012
-4.232919
-4.475928
-3.9262269
-3.5585392
-3.949929
-4.410139
-4.0615516
-4.090604
-3.907167
-4.028883
-3.3890033
-3.7226517
-5.2543526
-4.6332426
-5.6715856
-5.8334584
-3.7562401
-4.211274
-5.8671117
-5.425197
-4.49332
-4.135754
-4.7626305
-4.7783575
-5.861132
-4.6546526
-4.340605
-4.463495
-4.8072343
-4.286063
-4.6242824
-5.160627
-4.5718374
-4.577114
-5.2176094
-5.0474973
-5.6885986
-4.2472253
-4.8627234
-4.7991
-4.828624
-5.873733
-4.723515
-4.44915
-4.7193766
-4.7087793
-2.3694046
-2.430034
-1.9575366
-2.5342722
-2.409316
-2.6437392
-2.8753474
-2.56135
-2.5434055
-2.7642205
-2.3564432
-2.5436358
-2.3840523
-2.6666534
-2.6092103
-2.4281666
-2.660415
-2.5265646
-2.8065064
-2.649846
-2.7541583
-2.8877993
-2.8729012
-2.7406147
-2.940148
-2.8085372
-2.8817267
-2.9209538
-2.8284545
-2.8429263
-2.4216757
-2.985042
-3.0691833
-2.699736
-2.7964714
-2.6947253
-2.999996
-2.7343163
-2.7641754
-2.7582529
-2.8776245
-2.7902277
-2.4434981
-3.0059135
-2.8433263
-2.6134655
-2.5176497
-2.7077444
-2.8083496
-2.7689786
-2.8954983
-2.9468763
-2.8787448
-2.7579443
-2.6656854
-2.7426515
-2.654531
-2.633148
-2.7357345
-2.6460888
-3.0682523
-3.083374
-3.029359
-2.9929898
-2.770719
-3.3834658
-2.7228177
-3.1419556
-3.150459
-3.521834
-3.0160992
-3.72045
-3.3309472
-3.6988425
-3.8217416
-3.2872643
-2.927401
-2.5120294
-5.575412
-3.243999
-3.7289047
-3.0992768
-3.5924425
-3.318563
-3.343407
-3.1235485
-3.0618927
-5.1377864
-4.0344715
-3.5176327
-4.9046774
-3.8868685
-2.6724005
-3.1280334
-3.4701567
-3.7172961
-3.4941514
-2.8451517
-3.646832
-3.2780185
-4.32123
-6.232064
-5.537288
-3.8903234
-3.7785723
-3.1424873
-2.663912
-3.915597
-3.9136465
-3.1597254
-1.931419
-3.5240629
-3.2878835
-3.5827804
-3.7805135
-6.551451
-6.558337
-4.397266
-3.8906188
-4.2221813
-3.4419708
-4.2504673
-5.6258693
-3.46293
-4.648957
-3.65341
-3.2508929
-3.338063
-3.6329195
-4.395844
-6.290922
-3.279241
-3.8924344
-5.680588
-2.9953787
-2.154605
-3.8863866
-4.113261
-3.4118752
-3.0351152
-6.2578845
-1.6864871
-1.9780946
-4.352895
-5.11309
-2.4390497
-3.4469886
-3.9205356
-4.186568
-3.2189405
-4.791533
-3.5863807
-4.440061
-3.4506485
-4.4055552
-3.3790824
-4.623999
-3.985516
-7.3432927
-7.291467
-4.9295964
-3.6983306
-3.1784298
-4.6171527
-4.5963097
-6.231304
-4.6647644
-3.6340933
-4.3497148
-3.814462
-4.7770333
-5.2712116
-5.6660113
-5.168577
-3.9900465
-3.738012
-3.9311066
-4.43141
-4.7762337
-3.6603615
-4.202091
-4.1978164
-3.8314555
-3.3191204
-3.4146903
-4.8692327
-3.1447222
-3.0225613
-3.4686017
-6.576809
-3.219266
-3.2956884
-4.1795363
-3.1999345
-2.4862342
-4.8350296
-3.845032
-2.5898087
-3.364794
-4.788351
-5.4622383
-3.981768
-4.1140227
-5.444331
-4.037573
-4.798899
-2.4111712
-3.6194735
-2.6123385
-3.4140885
-3.6097982
-2.8029907
-2.8673685
-3.5542963
-3.275943
-3.062416
-6.4224706
-3.841031
-4.0319424
-7.624193
-4.551738
-3.321653
-4.783984
-3.0384612
-3.4546804
-3.4514675
-4.9312196
-7.007628
-5.256162
-2.5976899
-3.5210335
-7.268088
-6.4829597
-4.4610305
-3.4955454
-5.4140825
-4.023201
-2.5244002
-3.8201394
-4.8172445
-2.687525
-3.995076
-2.1538367
-3.1866121
-6.678539
-3.115158
-3.1942737
-3.2851944
-3.5759516
-4.2575426
-3.788198
-3.4943376
-4.2776203
-2.6082938
-4.9899263
-3.8235662
-4.973693
-4.5467467
-5.114577
-3.880166
-4.3812566
-3.3601987
-3.5774133
-3.0269516
-4.3929563
-1.0079334
-3.4000313
-2.2718031
-4.970785
-3.711335
-3.0938444
-3.5753934
-4.2457933
-4.388062
-5.334494
-5.627724
-4.182994
-4.340697
-3.2710218
-4.9186215
-3.920492
-2.1857536
-3.141221
-3.957982
-4.557148
-2.698081
-4.7371273
-4.073079
-2.6479917
-4.941299
-4.487621
-4.7790785
-3.7849953
-3.0623455
-3.8156888
-4.078066
-3.6883192
-4.633602
-4.1747684
-3.6083002
-2.0093446
-4.6296086
-3.2802296
-4.019024
-3.0995774
-3.5249822
-4.731676
-3.9919364
-4.048067
-2.7789865
-4.0172377
-3.2668457
-1.9626786
-2.8927515
-2.5291102
-2.1800067
-2.4528964
-4.6416264
-4.468479
-3.3512638
-5.017263
-4.7279167
-4.790772
-4.4831142
-4.979714
-4.0146546
-4.498685
-3.7560806
-5.3914185
-3.0490394
-2.78193
-2.689716
-4.5127087
-5.166922
-3.2818244
-4.601927
-2.3319712
-2.922182
-4.0189004
-4.0319133
-2.1186998
-2.6854575
-3.2883182
-3.361181
-4.130522
-3.4624696
-3.6093283
-3.9187021
-4.2647634
-2.701649
-3.2199204
-4.1553035
-3.9078546
-2.5701852
-4.0757413
-3.1633859
-3.799891
-3.0908203
-3.7219415
-3.0762503
-5.2075453
-4.3669443
-3.8638892
-4.052946
-3.7481983
-4.3119764
-4.820117
-1.6965606
-5.035403
-4.757735
-3.5990043
-5.6394014
-3.7958143
-2.0182443
-3.0234826
-5.001623
-4.66525
-4.256431
-4.7681413
-4.493527
-3.861431
-6.250656
-2.9591632
-4.1503673
-5.3601184
-5.8735766
-3.8194113
-4.2892823
-4.2177095
-4.658482
-3.9965026
-3.1803994
-4.004739
-4.657363
-5.7043176
-5.340411
-4.7164297
-2.1743445
-2.6787221
-2.2005694
-5.0658054
-3.804238
-3.3217752
-5.187742
-2.9206944
-4.7177324
-4.822449
-6.4891243
-2.9187543
-3.0743482
-2.1394625
-4.0538816
-4.0642257
-2.7189963
-2.2832365
-2.2117305
-2.52803
-2.283546
-2.8096082
-4.10538
-5.7994647
-5.8162704
-3.1693559
-3.8427742
-4.8074675
-5.874235
-6.1766973
-6.3027477
-4.1878886
-4.498573
-3.9351606
-3.8447137
-4.885229
-4.1171594
-2.738241
-3.9044383
-4.091785
-4.9001603
-4.608074
-4.3853927
